   2  2.083E-03 0.000E+00 2.000E-01 3.817E-04 1.000E+00 +Infinity
   3  6.250E-03 0.000E+00 2.000E-01 3.430E-03 9.974E-01 5.589E+01
   4  1.042E-02 0.000E+00 2.000E-01 9.501E-03 9.922E-01 3.710E+01
   5  1.458E-02 6.938-310 2.000E-01 1.854E-02 9.845E-01 3.316E+01
   6  1.875E-02 0.000E+00 2.000E-01 3.048E-02 9.742E-01 3.127E+01
   7  2.292E-02 6.938-310 2.000E-01 4.522E-02 9.616E-01 3.002E+01
   8  2.708E-02 6.938-310 2.000E-01 6.264E-02 9.466E-01 2.903E+01
   9  3.125E-02 1.284-312 2.000E-01 8.259E-02 9.294E-01 2.814E+01
  10  3.542E-02 1.284-312 2.000E-01 1.049E-01 9.101E-01 2.729E+01
  11  3.958E-02 1.284-312 2.000E-01 1.294E-01 8.888E-01 2.645E+01
  12  4.375E-02 6.953-310 2.000E-01 1.560E-01 8.657E-01 2.559E+01
  13  4.792E-02 6.402-317 2.000E-01 1.843E-01 8.410E-01 2.473E+01
  14  5.208E-02 6.402-317 2.000E-01 2.142E-01 8.147E-01 2.384E+01
  15  5.625E-02 1.284-312 2.000E-01 2.454E-01 7.872E-01 2.292E+01
  16  6.042E-02 6.953-310 2.000E-01 2.778E-01 7.585E-01 2.199E+01
  17  6.458E-02 0.000E+00 2.000E-01 3.111E-01 7.288E-01 2.104E+01
  18  6.875E-02 0.000E+00 2.001E-01 3.450E-01 6.983E-01 2.008E+01
  19  7.292E-02 6.402-317 2.001E-01 3.794E-01 6.673E-01 1.910E+01
  20  7.708E-02 1.284-312 2.002E-01 4.140E-01 6.357E-01 1.812E+01
  21  8.125E-02 2.086-314 2.005E-01 4.486E-01 6.039E-01 1.713E+01
  22  8.542E-02 6.402-317 2.009E-01 4.829E-01 5.720E-01 1.615E+01
  23  8.958E-02 6.402-317 2.018E-01 5.169E-01 5.402E-01 1.517E+01
  24  9.375E-02 6.402-317 2.035E-01 5.502E-01 5.086E-01 1.421E+01
  25  9.792E-02 6.402-317 2.067E-01 5.827E-01 4.773E-01 1.325E+01
  26  1.021E-01 6.402-317 2.126E-01 6.143E-01 4.465E-01 1.232E+01
  27  1.062E-01       NaN 2.229E-01 6.448E-01 4.163E-01 1.141E+01
  28  1.104E-01 6.402-317 2.400E-01 6.741E-01 3.870E-01 1.053E+01
  29  1.146E-01       NaN 2.671E-01 7.021E-01 3.585E-01 9.679E+00
  30  1.187E-01 0.000E+00 3.061E-01 7.287E-01 3.311E-01 8.864E+00
  31  1.229E-01 0.000E+00 3.566E-01 7.538E-01 3.050E-01 8.092E+00
  32  1.271E-01 0.000E+00 4.137E-01 7.775E-01 2.803E-01 7.366E+00
  33  1.313E-01 0.000E+00 4.692E-01 7.998E-01 2.572E-01 6.691E+00
  34  1.354E-01 0.000E+00 5.148E-01 8.206E-01 2.356E-01 6.070E+00
  35  1.396E-01 1.440-314 5.462E-01 8.401E-01 2.156E-01 5.499E+00
  36  1.438E-01 0.000E+00 5.636E-01 8.583E-01 1.969E-01 4.974E+00
  37  1.479E-01 6.953-310 5.695E-01 8.752E-01 1.794E-01 4.489E+00
  38  1.521E-01 0.000E+00 5.673E-01 8.908E-01 1.629E-01 4.039E+00
  39  1.563E-01 0.000E+00 5.598E-01 9.053E-01 1.475E-01 3.619E+00
  40  1.604E-01 1.284-312 5.493E-01 9.185E-01 1.329E-01 3.227E+00
  41  1.646E-01 0.000E+00 5.372E-01 9.305E-01 1.192E-01 2.861E+00
  42  1.688E-01 0.000E+00 5.243E-01 9.413E-01 1.063E-01 2.520E+00
  43  1.729E-01 0.000E+00 5.114E-01 9.511E-01 9.429E-02 2.203E+00
  44  1.771E-01 0.000E+00 4.986E-01 9.597E-01 8.302E-02 1.911E+00
  45  1.813E-01 2.122-314 4.862E-01 9.673E-01 7.254E-02 1.641E+00
  46  1.854E-01 0.000E+00 4.744E-01 9.739E-01 6.283E-02 1.394E+00
  47  1.896E-01 0.000E+00 4.631E-01 9.796E-01 5.387E-02 1.170E+00
  48  1.938E-01 1.284-312 4.523E-01 9.844E-01 4.564E-02 9.682E-01
  49  1.979E-01 0.000E+00 4.422E-01 9.884E-01 3.812E-02 7.875E-01
  50  2.021E-01 0.000E+00 4.325E-01 9.917E-01 3.131E-02 6.277E-01
  51  2.063E-01 0.000E+00 4.234E-01 9.943E-01 2.517E-02 4.879E-01
  52  2.104E-01 6.402-317 4.148E-01 9.962E-01 1.970E-02 3.677E-01
  53  2.146E-01 6.953-310 4.066E-01 9.977E-01 1.487E-02 2.660E-01
  54  2.188E-01 6.953-310 3.989E-01 9.987E-01 1.068E-02 1.822E-01
  55  2.229E-01 6.953-310 3.916E-01 9.994E-01 7.116E-03 1.154E-01
  56  2.271E-01 1.284-312 3.847E-01 9.998E-01 4.183E-03 6.480E-02
  57  2.313E-01 1.019-312 3.782E-01 9.999E-01 1.908E-03 2.952E-02
  58  2.354E-01 6.953-310 3.720E-01 1.000E+00 3.799E-04 8.735E-03
  59  2.396E-01 6.953-310 3.661E-01 1.000E+00 2.196E-14 9.327E-04
  60  2.438E-01 0.000E+00 3.605E-01 1.000E+00 1.992E-14 6.726E-13
  61  2.479E-01 0.000E+00 3.551E-01 1.000E+00 1.824E-14 6.089E-13
  62  2.521E-01 0.000E+00 3.501E-01 1.000E+00 1.681E-14 5.816E-13
  63  2.563E-01 6.953-310 3.453E-01 1.000E+00 1.557E-14 5.215E-13
  64  2.604E-01 2.322-322 3.407E-01 1.000E+00 1.449E-14 5.130E-13
  65  2.646E-01 6.953-310 3.363E-01 1.000E+00 1.355E-14 4.885E-13
  66  2.688E-01 4.941-324 3.321E-01 1.000E+00 1.271E-14 4.648E-13
  67  2.729E-01 0.000E+00 3.281E-01 1.000E+00 1.197E-14 4.418E-13
  68  2.771E-01 1.284-312 3.243E-01 1.000E+00 1.130E-14 4.195E-13
  69  2.813E-01 3.953-322 3.207E-01 1.000E+00 1.071E-14 4.285E-13
  70  2.854E-01 6.402-317 3.172E-01 1.000E+00 1.016E-14 3.770E-13
  71  2.896E-01 6.953-310 3.139E-01 1.000E+00 9.677E-15 3.863E-13
  72  2.938E-01 6.953-310 3.107E-01 1.000E+00 9.225E-15 3.808E-13
  73  2.979E-01 6.953-310 3.076E-01 1.000E+00 8.818E-15 3.609E-13
  74  3.021E-01 1.284-312 3.047E-01 1.000E+00 8.440E-15 3.701E-13
  75  3.063E-01 0.000E+00 3.019E-01 1.000E+00 8.088E-15 3.229E-13
  76  3.104E-01 2.322-322 2.992E-01 1.000E+00 7.771E-15 3.323E-13
  77  3.146E-01 6.953-310 2.966E-01 1.000E+00 7.470E-15 3.142E-13
  78  3.188E-01 1.284-312 2.941E-01 1.000E+00 7.188E-15 3.235E-13
  79  3.229E-01 6.402-317 2.917E-01 1.000E+00 6.932E-15 3.193E-13
  80  3.271E-01 6.953-310 2.893E-01 1.000E+00 6.688E-15 3.021E-13
  81  3.313E-01 4.941-324 2.871E-01 1.000E+00 6.456E-15 3.112E-13
  82  3.354E-01 6.938-310 2.850E-01 1.000E+00 6.242E-15 2.945E-13
  83  3.396E-01 7.164-322 2.829E-01 1.000E+00 6.041E-15 3.034E-13
  84  3.438E-01 1.284-312 2.809E-01 1.000E+00 5.847E-15 2.872E-13
  85  3.479E-01 7.179+193 2.790E-01 1.000E+00 5.662E-15 2.961E-13
  86  3.521E-01 2.067+161 2.771E-01 1.000E+00 5.491E-15 2.925E-13
  87  3.563E-01 1.172+171 2.753E-01 1.000E+00 5.328E-15 2.529E-13
  88  3.604E-01 6.596-310 2.736E-01 1.000E+00 5.170E-15 2.619E-13
  89  3.646E-01 0.000E+00 2.719E-01 1.000E+00 5.018E-15 2.471E-13
  90  3.687E-01 0.000E+00 2.703E-01 1.000E+00 4.875E-15 2.559E-13
  91  3.729E-01 0.000E+00 2.688E-01 1.000E+00 4.741E-15 2.530E-13
  92  3.771E-01 0.000E+00 2.673E-01 1.000E+00 4.609E-15 2.388E-13
  93  3.812E-01 0.000E+00 2.658E-01 1.000E+00 4.481E-15 2.474E-13
  94  3.854E-01 0.000E+00 2.644E-01 1.000E+00 4.357E-15 2.336E-13
  95  3.896E-01 0.000E+00 2.630E-01 1.000E+00 4.242E-15 2.421E-13
  96  3.937E-01 0.000E+00 2.617E-01 1.000E+00 4.131E-15 2.395E-13
  97  3.979E-01 0.000E+00 2.604E-01 1.000E+00 4.022E-15 2.477E-13
  98  4.021E-01 0.000E+00 2.592E-01 1.000E+00 3.915E-15 2.558E-13
  99  4.062E-01 0.000E+00 2.580E-01 1.000E+00 3.812E-15 2.426E-13
 100  4.104E-01 0.000E+00 2.568E-01 1.000E+00 3.712E-15 2.505E-13
 101  4.146E-01 0.000E+00 2.557E-01 1.000E+00 3.620E-15 2.480E-13
 102  4.187E-01 0.000E+00 2.546E-01 1.000E+00 3.528E-15 2.353E-13
 103  4.229E-01 0.000E+00 2.535E-01 1.000E+00 3.438E-15 2.431E-13
 104  4.271E-01 0.000E+00 2.525E-01 1.000E+00 3.349E-15 2.306E-13
 105  4.312E-01 0.000E+00 2.515E-01 1.000E+00 3.262E-15 2.383E-13
 106  4.354E-01 0.000E+00 2.505E-01 1.000E+00 3.178E-15 2.360E-13
 107  4.396E-01 0.000E+00 2.495E-01 1.000E+00 3.100E-15 2.240E-13
 108  4.437E-01 0.000E+00 2.486E-01 1.000E+00 3.024E-15 2.315E-13
 109  4.479E-01 0.000E+00 2.477E-01 1.000E+00 2.948E-15 2.198E-13
 110  4.521E-01 0.000E+00 2.468E-01 1.000E+00 2.873E-15 2.272E-13
 111  4.562E-01 0.000E+00 2.460E-01 1.000E+00 2.799E-15 2.158E-13
 112  4.604E-01 0.000E+00 2.452E-01 1.000E+00 2.726E-15 2.231E-13
 113  4.646E-01 0.000E+00 2.444E-01 1.000E+00 2.656E-15 2.211E-13
 114  4.687E-01 0.000E+00 2.436E-01 1.000E+00 2.590E-15 2.099E-13
 115  4.729E-01 0.000E+00 2.428E-01 1.000E+00 2.527E-15 2.171E-13
 116  4.771E-01 0.000E+00 2.421E-01 1.000E+00 2.464E-15 2.062E-13
 117  4.812E-01 0.000E+00 2.413E-01 1.000E+00 2.402E-15 2.133E-13
 118  4.854E-01 0.000E+00 2.406E-01 1.000E+00 2.340E-15 2.115E-13
 119  4.896E-01 0.000E+00 2.399E-01 1.000E+00 2.279E-15 2.184E-13
 120  4.937E-01 0.000E+00 2.393E-01 1.000E+00 2.219E-15 2.252E-13
 121  4.979E-01 0.000E+00 2.386E-01 1.000E+00 2.160E-15 2.147E-13
 122  5.021E-01 0.000E+00 2.380E-01 1.000E+00 2.104E-15 2.214E-13
 123  5.062E-01 0.000E+00 2.374E-01 1.000E+00 2.053E-15 2.112E-13
 124  5.104E-01 0.000E+00 2.368E-01 1.000E+00 2.003E-15 2.178E-13
 125  5.146E-01 0.000E+00 2.362E-01 1.000E+00 1.953E-15 2.077E-13
 126  5.187E-01 0.000E+00 2.356E-01 1.000E+00 1.904E-15 2.143E-13
 127  5.229E-01 0.000E+00 2.350E-01 1.000E+00 1.854E-15 2.044E-13
 128  5.271E-01 0.000E+00 2.345E-01 1.000E+00 1.806E-15 2.109E-13
 129  5.312E-01 0.000E+00 2.339E-01 1.000E+00 1.758E-15 2.092E-13
 130  5.354E-01 0.000E+00 2.334E-01 1.000E+00 1.711E-15 1.996E-13
 131  5.396E-01 0.000E+00 2.329E-01 1.000E+00 1.665E-15 2.059E-13
 132  5.437E-01 0.000E+00 2.324E-01 1.000E+00 1.623E-15 2.122E-13
 133  5.479E-01 0.000E+00 2.319E-01 1.000E+00 1.584E-15 2.184E-13
 134  5.521E-01 0.000E+00 2.314E-01 1.000E+00 1.546E-15 2.090E-13
 135  5.562E-01 0.000E+00 2.310E-01 1.000E+00 1.508E-15 2.151E-13
 136  5.604E-01 0.000E+00 2.305E-01 1.000E+00 1.471E-15 2.058E-13
 137  5.646E-01 0.000E+00 2.300E-01 1.000E+00 1.433E-15 2.119E-13
 138  5.687E-01 0.000E+00 2.296E-01 1.000E+00 1.396E-15 2.028E-13
 139  5.729E-01 0.000E+00 2.292E-01 1.000E+00 1.359E-15 2.088E-13
 140  5.771E-01 0.000E+00 2.288E-01 1.000E+00 1.324E-15 1.999E-13
 141  5.812E-01 0.000E+00 2.284E-01 1.000E+00 1.290E-15 2.205E-13
 142  5.854E-01 0.000E+00 2.279E-01 1.000E+00 1.257E-15 2.116E-13
 143  5.896E-01 0.000E+00 2.276E-01 1.000E+00 1.228E-15 2.173E-13
 144  5.937E-01 0.000E+00 2.272E-01 1.000E+00 1.200E-15 2.086E-13
 145  5.979E-01 0.000E+00 2.268E-01 1.000E+00 1.173E-15 2.143E-13
 146  6.021E-01 0.000E+00 2.264E-01 1.000E+00 1.146E-15 2.057E-13
 147  6.062E-01 0.000E+00 2.261E-01 1.000E+00 1.119E-15 2.113E-13
 148  6.104E-01 0.000E+00 2.257E-01 1.000E+00 1.092E-15 2.168E-13
 149  6.146E-01 0.000E+00 2.254E-01 1.000E+00 1.066E-15 2.154E-13
 150  6.187E-01 0.000E+00 2.250E-01 1.000E+00 1.040E-15 2.208E-13
 151  6.229E-01 0.000E+00 2.247E-01 1.000E+00 1.015E-15 2.125E-13
 152  6.271E-01 0.000E+00 2.244E-01 1.000E+00 9.916E-16 2.179E-13
 153  6.312E-01 0.000E+00 2.240E-01 1.000E+00 9.694E-16 2.096E-13
 154  6.354E-01 0.000E+00 2.237E-01 1.000E+00 9.503E-16 2.284E-13
 155  6.396E-01 0.000E+00 2.234E-01 1.000E+00 9.325E-16 2.202E-13
 156  6.437E-01 0.000E+00 2.231E-01 1.000E+00 9.147E-16 2.188E-13
 157  6.479E-01 0.000E+00 2.228E-01 1.000E+00 8.970E-16 2.240E-13
 158  6.521E-01 0.000E+00 2.225E-01 1.000E+00 8.796E-16 2.160E-13
 159  6.562E-01 0.000E+00 2.222E-01 1.000E+00 8.625E-16 2.211E-13
 160  6.604E-01 0.000E+00 2.220E-01 1.000E+00 8.458E-16 2.262E-13
 161  6.646E-01 0.000E+00 2.217E-01 1.000E+00 8.296E-16 2.247E-13
 162  6.687E-01 0.000E+00 2.214E-01 1.000E+00 8.141E-16 2.297E-13
 163  6.729E-01 0.000E+00 2.212E-01 1.000E+00 7.996E-16 2.219E-13
 164  6.771E-01 0.000E+00 2.209E-01 1.000E+00 7.863E-16 2.332E-13
 165  6.812E-01 0.000E+00 2.206E-01 1.000E+00 7.755E-16 2.380E-13
 166  6.854E-01 0.000E+00 2.204E-01 1.000E+00 7.663E-16 2.303E-13
 167  6.896E-01 0.000E+00 2.201E-01 1.000E+00 7.573E-16 2.289E-13
 168  6.937E-01 0.000E+00 2.199E-01 1.000E+00 7.484E-16 2.460E-13
 169  6.979E-01 0.000E+00 2.197E-01 1.000E+00 7.398E-16 2.384E-13
 170  7.021E-01 0.000E+00 2.194E-01 1.000E+00 7.315E-16 2.370E-13
 171  7.062E-01 0.000E+00 2.192E-01 1.000E+00 7.235E-16 2.416E-13
 172  7.104E-01 0.000E+00 2.190E-01 1.000E+00 7.161E-16 2.462E-13
 173  7.146E-01 0.000E+00 2.188E-01 1.000E+00 7.093E-16 2.447E-13
 174  7.187E-01 0.000E+00 2.185E-01 1.000E+00 7.034E-16 2.433E-13
 175  7.229E-01 0.000E+00 2.183E-01 1.000E+00 6.985E-16 2.596E-13
 176  7.271E-01 0.000E+00 2.181E-01 1.000E+00 6.953E-16 2.522E-13
 177  7.312E-01 0.000E+00 2.179E-01 1.000E+00 6.946E-16 2.508E-13
 178  7.354E-01 0.000E+00 2.177E-01 1.000E+00 6.941E-16 2.610E-13
 179  7.396E-01 0.000E+00 2.175E-01 1.000E+00 6.937E-16 2.653E-13
 180  7.437E-01 0.000E+00 2.173E-01 1.000E+00 6.937E-16 2.580E-13
 181  7.479E-01 0.000E+00 2.171E-01 1.000E+00 6.939E-16 2.680E-13
 182  7.521E-01 0.000E+00 2.169E-01 1.000E+00 6.946E-16 2.665E-13
 183  7.562E-01 0.000E+00 2.168E-01 1.000E+00 6.957E-16 2.650E-13
 184  7.604E-01 0.000E+00 2.166E-01 1.000E+00 6.974E-16 2.748E-13
 185  7.646E-01 0.000E+00 2.164E-01 1.000E+00 6.999E-16 2.733E-13
 186  7.687E-01 0.000E+00 2.162E-01 1.000E+00 7.034E-16 2.884E-13
 187  7.729E-01 0.000E+00 2.160E-01 1.000E+00 7.085E-16 2.813E-13
 188  7.771E-01 0.000E+00 2.159E-01 1.000E+00 7.161E-16 2.798E-13
 189  7.812E-01 0.000E+00 2.157E-01 1.000E+00 7.238E-16 2.892E-13
 190  7.854E-01 0.000E+00 2.155E-01 1.000E+00 7.316E-16 2.877E-13
 191  7.896E-01 0.000E+00 2.154E-01 1.000E+00 7.393E-16 2.970E-13
 192  7.937E-01 0.000E+00 2.152E-01 1.000E+00 7.472E-16 2.954E-13
 193  7.979E-01 0.000E+00 2.151E-01 1.000E+00 7.550E-16 3.045E-13
 194  8.021E-01 0.000E+00 2.149E-01 1.000E+00 7.629E-16 3.029E-13
 195  8.062E-01 0.000E+00 2.147E-01 1.000E+00 7.709E-16 3.119E-13
 196  8.104E-01 0.000E+00 2.146E-01 1.000E+00 7.789E-16 3.103E-13
 197  8.146E-01 0.000E+00 2.144E-01 1.000E+00 7.869E-16 3.087E-13
 198  8.187E-01 0.000E+00 2.143E-01 1.000E+00 7.950E-16 3.176E-13
 199  8.229E-01 0.000E+00 2.142E-01 1.000E+00 8.031E-16 3.160E-13
 200  8.271E-01 0.000E+00 2.140E-01 1.000E+00 8.112E-16 3.195E-13
 201  8.312E-01 0.000E+00 2.139E-01 1.000E+00 8.194E-16 3.230E-13
 202  8.354E-01 0.000E+00 2.137E-01 1.000E+00 8.277E-16 3.316E-13
 203  8.396E-01 0.000E+00 2.136E-01 1.000E+00 8.359E-16 3.300E-13
 204  8.437E-01 0.000E+00 2.135E-01 1.000E+00 8.443E-16 3.384E-13
 205  8.479E-01 0.000E+00 2.133E-01 1.000E+00 8.526E-16 3.367E-13
 206  8.521E-01 0.000E+00 2.132E-01 1.000E+00 8.610E-16 3.401E-13
 207  8.562E-01 0.000E+00 2.131E-01 1.000E+00 8.695E-16 3.434E-13
 208  8.604E-01 0.000E+00 2.129E-01 1.000E+00 8.779E-16 3.516E-13
 209  8.646E-01 0.000E+00 2.128E-01 1.000E+00 8.865E-16 3.499E-13
 210  8.687E-01 0.000E+00 2.127E-01 1.000E+00 8.950E-16 3.532E-13
 211  8.729E-01 0.000E+00 2.126E-01 1.000E+00 9.036E-16 3.563E-13
 212  8.771E-01 0.000E+00 2.125E-01 1.000E+00 9.123E-16 3.644E-13
 213  8.812E-01 0.000E+00 2.123E-01 1.000E+00 9.210E-16 3.675E-13
 214  8.854E-01 0.000E+00 2.122E-01 1.000E+00 9.297E-16 3.705E-13
 215  8.896E-01 0.000E+00 2.121E-01 1.000E+00 9.385E-16 3.784E-13
 216  8.937E-01 0.000E+00 2.120E-01 1.000E+00 9.473E-16 3.718E-13
 217  8.979E-01 0.000E+00 2.119E-01 1.000E+00 9.561E-16 3.843E-13
 218  9.021E-01 0.000E+00 2.118E-01 1.000E+00 9.650E-16 3.778E-13
 219  9.062E-01 0.000E+00 2.117E-01 1.000E+00 9.740E-16 3.902E-13
 220  9.104E-01 0.000E+00 2.116E-01 1.000E+00 9.829E-16 3.931E-13
 221  9.146E-01 0.000E+00 2.115E-01 1.000E+00 9.920E-16 3.959E-13
 222  9.187E-01 0.000E+00 2.114E-01 1.000E+00 1.001E-15 3.988E-13
 223  9.229E-01 0.000E+00 2.113E-01 1.000E+00 1.010E-15 4.016E-13
 224  9.271E-01 0.000E+00 2.112E-01 1.000E+00 1.019E-15 4.044E-13
 225  9.312E-01 0.000E+00 2.111E-01 1.000E+00 1.028E-15 4.163E-13
 226  9.354E-01 0.000E+00 2.110E-01 1.000E+00 1.038E-15 4.098E-13
 227  9.396E-01 0.000E+00 2.109E-01 1.000E+00 1.047E-15 4.171E-13
 228  9.437E-01 0.000E+00 2.108E-01 1.000E+00 1.056E-15 4.197E-13
 229  9.479E-01 0.000E+00 2.107E-01 1.000E+00 1.066E-15 4.224E-13
 230  9.521E-01 0.000E+00 2.106E-01 1.000E+00 1.075E-15 4.295E-13
 231  9.562E-01 0.000E+00 2.105E-01 1.000E+00 1.084E-15 4.321E-13
 232  9.604E-01 0.000E+00 2.104E-01 1.000E+00 1.094E-15 4.346E-13
 233  9.646E-01 0.000E+00 2.103E-01 1.000E+00 1.103E-15 4.416E-13
 234  9.687E-01 0.000E+00 2.102E-01 1.000E+00 1.113E-15 4.396E-13
 235  9.729E-01 0.000E+00 2.101E-01 1.000E+00 1.123E-15 4.509E-13
 236  9.771E-01 0.000E+00 2.100E-01 1.000E+00 1.132E-15 4.533E-13
 237  9.812E-01 0.000E+00 2.100E-01 1.000E+00 1.142E-15 4.514E-13
 238  9.854E-01 0.000E+00 2.099E-01 1.000E+00 1.152E-15 4.581E-13
 239  9.896E-01 0.000E+00 2.098E-01 1.000E+00 1.161E-15 4.648E-13
 240  9.937E-01 0.000E+00 2.097E-01 1.000E+00 1.171E-15 4.628E-13
 241  9.979E-01 0.000E+00 2.096E-01 1.000E+00 1.181E-15 4.694E-13
 242  1.002E+00 0.000E+00 2.095E-01 1.000E+00 1.191E-15 2.337E-13
 243  1.006E+00 0.000E+00 0.000E+00 0.000E+00 0.000E+00 0.000E+00
 244  1.010E+00 0.000E+00 0.000E+00 0.000E+00 0.000E+00 0.000E+00
 245  1.015E+00 0.000E+00 0.000E+00 0.000E+00 0.000E+00 0.000E+00
 246  1.019E+00 0.000E+00 0.000E+00 0.000E+00 0.000E+00 0.000E+00
 247  1.023E+00 0.000E+00 0.000E+00 0.000E+00 0.000E+00 0.000E+00
 248  1.027E+00 0.000E+00 1.284-312 0.000E+00 0.000E+00 0.000E+00
 249  1.031E+00 0.000E+00 0.000E+00 0.000E+00 0.000E+00 0.000E+00
 250  1.035E+00 0.000E+00 6.953-310 0.000E+00 0.000E+00 0.000E+00
 251  1.040E+00 0.000E+00 1.019-312 0.000E+00 0.000E+00 0.000E+00
 252  1.044E+00 0.000E+00 6.953-310 0.000E+00 0.000E+00 0.000E+00
 253  1.048E+00 0.000E+00 6.953-310 0.000E+00 0.000E+00 0.000E+00
 254  1.052E+00 0.000E+00 6.938-310 0.000E+00 0.000E+00 0.000E+00
 255  1.056E+00 0.000E+00 1.374-314 0.000E+00 0.000E+00 0.000E+00
 256  1.060E+00 0.000E+00 1.284-312 0.000E+00 0.000E+00 0.000E+00
 257  1.065E+00 0.000E+00 0.000E+00 0.000E+00 0.000E+00 0.000E+00
