   256 1.00000E+05 1.48742E-01
   244 1.00000E+05 1.52198E-01
   232 1.00000E+05 1.55910E-01
   220 1.00000E+05 1.59878E-01
   208 1.00000E+05 1.64095E-01
   196 1.00000E+05 1.68531E-01
   184 1.00000E+05 1.73118E-01
   172 1.00000E+05 1.77768E-01
   160 1.00000E+05 1.82317E-01
   148 1.00000E+05 1.86534E-01
   136 1.00000E+05 1.90131E-01
   124 1.00000E+05 1.92764E-01
   112 1.00000E+05 1.94117E-01
   100 1.00000E+05 1.93984E-01
    88 1.00000E+05 1.92300E-01
    76 1.00000E+05 1.89149E-01
    64 1.00000E+05 1.84670E-01
    52 1.00000E+05 1.79019E-01
    40 1.00000E+05 1.72582E-01
    28 1.00000E+05 1.64886E-01
    16 1.00000E+05 1.54004E-01
   256 1.77830E+05 1.93785E-01
   244 1.77830E+05 1.98283E-01
   232 1.77830E+05 2.03102E-01
   220 1.77830E+05 2.08265E-01
   208 1.77830E+05 2.13736E-01
   196 1.77830E+05 2.19499E-01
   184 1.77830E+05 2.25464E-01
   172 1.77830E+05 2.31497E-01
   160 1.77830E+05 2.37397E-01
   148 1.77830E+05 2.42866E-01
   136 1.77830E+05 2.47532E-01
   124 1.77830E+05 2.50950E-01
   112 1.77830E+05 2.52730E-01
   100 1.77830E+05 2.52580E-01
    88 1.77830E+05 2.50410E-01
    76 1.77830E+05 2.46334E-01
    64 1.77830E+05 2.40534E-01
    52 1.77830E+05 2.33185E-01
    40 1.77830E+05 2.24800E-01
    28 1.77830E+05 2.14783E-01
    16 1.77830E+05 2.00603E-01
   256 3.16230E+05 2.50160E-01
   244 3.16230E+05 2.55950E-01
   232 3.16230E+05 2.62150E-01
   220 3.16230E+05 2.68780E-01
   208 3.16230E+05 2.75820E-01
   196 3.16230E+05 2.83220E-01
   184 3.16230E+05 2.90880E-01
   172 3.16230E+05 2.98620E-01
   160 3.16230E+05 3.06200E-01
   148 3.16230E+05 3.13220E-01
   136 3.16230E+05 3.19210E-01
   124 3.16230E+05 3.23620E-01
   112 3.16230E+05 3.25920E-01
   100 3.16230E+05 3.25770E-01
    88 3.16230E+05 3.23020E-01
    76 3.16230E+05 3.17820E-01
    64 3.16230E+05 3.10380E-01
    52 3.16230E+05 3.00930E-01
    40 3.16230E+05 2.90100E-01
    28 3.16230E+05 2.77190E-01
    16 3.16230E+05 2.58900E-01
   256 5.62340E+05 3.19050E-01
   244 5.62340E+05 3.26400E-01
   232 5.62340E+05 3.34280E-01
   220 5.62340E+05 3.42700E-01
   208 5.62340E+05 3.51630E-01
   196 5.62340E+05 3.61010E-01
   184 5.62340E+05 3.70700E-01
   172 5.62340E+05 3.80510E-01
   160 5.62340E+05 3.90090E-01
   148 5.62340E+05 3.98980E-01
   136 5.62340E+05 4.06570E-01
   124 5.62340E+05 4.12170E-01
   112 5.62340E+05 4.15130E-01
   100 5.62340E+05 4.14990E-01
    88 5.62340E+05 4.11580E-01
    76 5.62340E+05 4.05050E-01
    64 5.62340E+05 3.95650E-01
    52 5.62340E+05 3.83650E-01
    40 5.62340E+05 3.69870E-01
    28 5.62340E+05 3.53420E-01
    16 5.62340E+05 3.30090E-01
   256 1.00000E+06 4.00800E-01
   244 1.00000E+06 4.09990E-01
   232 1.00000E+06 4.19830E-01
   220 1.00000E+06 4.30330E-01
   208 1.00000E+06 4.41470E-01
   196 1.00000E+06 4.53140E-01
   184 1.00000E+06 4.65200E-01
   172 1.00000E+06 4.77400E-01
   160 1.00000E+06 4.89300E-01
   148 1.00000E+06 5.00350E-01
   136 1.00000E+06 5.09800E-01
   124 1.00000E+06 5.16800E-01
   112 1.00000E+06 5.20560E-01
   100 1.00000E+06 5.20490E-01
    88 1.00000E+06 5.16370E-01
    76 1.00000E+06 5.08320E-01
    64 1.00000E+06 4.96650E-01
    52 1.00000E+06 4.81690E-01
    40 1.00000E+06 4.64390E-01
    28 1.00000E+06 4.43770E-01
    16 1.00000E+06 4.14470E-01
   256 1.77830E+06 4.94430E-01
   244 1.77830E+06 5.05670E-01
   232 1.77830E+06 5.17720E-01
   220 1.77830E+06 5.30550E-01
   208 1.77830E+06 5.44150E-01
   196 1.77830E+06 5.58380E-01
   184 1.77830E+06 5.73090E-01
   172 1.77830E+06 5.87930E-01
   160 1.77830E+06 6.02420E-01
   148 1.77830E+06 6.15860E-01
   136 1.77830E+06 6.27380E-01
   124 1.77830E+06 6.35970E-01
   112 1.77830E+06 6.40650E-01
   100 1.77830E+06 6.40720E-01
    88 1.77830E+06 6.35880E-01
    76 1.77830E+06 6.26220E-01
    64 1.77830E+06 6.12070E-01
    52 1.77830E+06 5.93770E-01
    40 1.77830E+06 5.72470E-01
    28 1.77830E+06 5.47090E-01
    16 1.77830E+06 5.10980E-01
   256 3.16230E+06 5.97400E-01
   244 3.16230E+06 6.10860E-01
   232 3.16230E+06 6.25250E-01
   220 3.16230E+06 6.40580E-01
   208 3.16230E+06 6.56800E-01
   196 3.16230E+06 6.73750E-01
   184 3.16230E+06 6.91240E-01
   172 3.16230E+06 7.08870E-01
   160 3.16230E+06 7.26070E-01
   148 3.16230E+06 7.42040E-01
   136 3.16230E+06 7.55750E-01
   124 3.16230E+06 7.66050E-01
   112 3.16230E+06 7.71790E-01
   100 3.16230E+06 7.72120E-01
    88 3.16230E+06 7.66610E-01
    76 3.16230E+06 7.55330E-01
    64 3.16230E+06 7.38600E-01
    52 3.16230E+06 7.16750E-01
    40 3.16230E+06 6.91070E-01
    28 3.16230E+06 6.60520E-01
    16 3.16230E+06 6.16920E-01
   256 5.62340E+06 7.05840E-01
   244 5.62340E+06 7.21550E-01
   232 5.62340E+06 7.38340E-01
   220 5.62340E+06 7.56180E-01
   208 5.62340E+06 7.75020E-01
   196 5.62340E+06 7.94700E-01
   184 5.62340E+06 8.14970E-01
   172 5.62340E+06 8.35370E-01
   160 5.62340E+06 8.55250E-01
   148 5.62340E+06 8.73730E-01
   136 5.62340E+06 8.89650E-01
   124 5.62340E+06 9.01700E-01
   112 5.62340E+06 9.08580E-01
   100 5.62340E+06 9.09290E-01
    88 5.62340E+06 9.03280E-01
    76 5.62340E+06 8.90520E-01
    64 5.62340E+06 8.71270E-01
    52 5.62340E+06 8.45850E-01
    40 5.62340E+06 8.15620E-01
    28 5.62340E+06 7.79660E-01
    16 5.62340E+06 7.28210E-01
   256 1.00000E+07 8.15080E-01
   244 1.00000E+07 8.32970E-01
   232 1.00000E+07 8.52030E-01
   220 1.00000E+07 8.72260E-01
   208 1.00000E+07 8.93580E-01
   196 1.00000E+07 9.15820E-01
   184 1.00000E+07 9.38680E-01
   172 1.00000E+07 9.61660E-01
   160 1.00000E+07 9.84050E-01
   148 1.00000E+07 1.00488E+00
   136 1.00000E+07 1.02287E+00
   124 1.00000E+07 1.03662E+00
   112 1.00000E+07 1.04468E+00
   100 1.00000E+07 1.04592E+00
    88 1.00000E+07 1.03963E+00
    76 1.00000E+07 1.02565E+00
    64 1.00000E+07 1.00413E+00
    52 1.00000E+07 9.75330E-01
    40 1.00000E+07 9.40580E-01
    28 1.00000E+07 8.99270E-01
    16 1.00000E+07 8.39950E-01
   256 1.77830E+07 9.20480E-01
   244 1.77830E+07 9.40300E-01
   232 1.77830E+07 9.61400E-01
   220 1.77830E+07 9.83770E-01
   208 1.77830E+07 1.00728E+00
   196 1.77830E+07 1.03177E+00
   184 1.77830E+07 1.05688E+00
   172 1.77830E+07 1.08210E+00
   160 1.77830E+07 1.10667E+00
   148 1.77830E+07 1.12952E+00
   136 1.77830E+07 1.14935E+00
   124 1.77830E+07 1.16465E+00
   112 1.77830E+07 1.17390E+00
   100 1.77830E+07 1.17579E+00
    88 1.77830E+07 1.16948E+00
    76 1.77830E+07 1.15465E+00
    64 1.77830E+07 1.13128E+00
    52 1.77830E+07 1.09950E+00
    40 1.77830E+07 1.06052E+00
    28 1.77830E+07 1.01415E+00
    16 1.77830E+07 9.47280E-01
   256 3.16230E+07 1.01810E+00
   244 3.16230E+07 1.03956E+00
   232 3.16230E+07 1.06237E+00
   220 3.16230E+07 1.08647E+00
   208 3.16230E+07 1.11178E+00
   196 3.16230E+07 1.13808E+00
   184 3.16230E+07 1.16502E+00
   172 3.16230E+07 1.19202E+00
   160 3.16230E+07 1.21830E+00
   148 3.16230E+07 1.24279E+00
   136 3.16230E+07 1.26413E+00
   124 3.16230E+07 1.28077E+00
   112 3.16230E+07 1.29112E+00
   100 3.16230E+07 1.29377E+00
    88 3.16230E+07 1.28773E+00
    76 3.16230E+07 1.27245E+00
    64 3.16230E+07 1.24778E+00
    52 3.16230E+07 1.21359E+00
    40 3.16230E+07 1.17083E+00
    28 3.16230E+07 1.11990E+00
    16 3.16230E+07 1.04615E+00
   256 5.62340E+07 1.10520E+00
   244 5.62340E+07 1.12793E+00
   232 5.62340E+07 1.15204E+00
   220 5.62340E+07 1.17747E+00
   208 5.62340E+07 1.20412E+00
   196 5.62340E+07 1.23175E+00
   184 5.62340E+07 1.25998E+00
   172 5.62340E+07 1.28825E+00
   160 5.62340E+07 1.31577E+00
   148 5.62340E+07 1.34143E+00
   136 5.62340E+07 1.36390E+00
   124 5.62340E+07 1.38160E+00
   112 5.62340E+07 1.39293E+00
   100 5.62340E+07 1.39640E+00
    88 5.62340E+07 1.39087E+00
    76 5.62340E+07 1.37560E+00
    64 5.62340E+07 1.35017E+00
    52 5.62340E+07 1.31425E+00
    40 5.62340E+07 1.26835E+00
    28 5.62340E+07 1.21350E+00
    16 5.62340E+07 1.13371E+00
   256 1.00000E+08 1.18037E+00
   244 1.00000E+08 1.20397E+00
   232 1.00000E+08 1.22895E+00
   220 1.00000E+08 1.25527E+00
   208 1.00000E+08 1.28277E+00
   196 1.00000E+08 1.31123E+00
   184 1.00000E+08 1.34027E+00
   172 1.00000E+08 1.36930E+00
   160 1.00000E+08 1.39755E+00
   148 1.00000E+08 1.42392E+00
   136 1.00000E+08 1.44712E+00
   124 1.00000E+08 1.46559E+00
   112 1.00000E+08 1.47773E+00
   100 1.00000E+08 1.48203E+00
    88 1.00000E+08 1.47719E+00
    76 1.00000E+08 1.46230E+00
    64 1.00000E+08 1.43670E+00
    52 1.00000E+08 1.39975E+00
    40 1.00000E+08 1.35143E+00
    28 1.00000E+08 1.29339E+00
    16 1.00000E+08 1.20853E+00
   256 1.77830E+08 1.24328E+00
   244 1.77830E+08 1.26740E+00
   232 1.77830E+08 1.29287E+00
   220 1.77830E+08 1.31963E+00
   208 1.77830E+08 1.34755E+00
   196 1.77830E+08 1.37638E+00
   184 1.77830E+08 1.40575E+00
   172 1.77830E+08 1.43507E+00
   160 1.77830E+08 1.46358E+00
   148 1.77830E+08 1.49025E+00
   136 1.77830E+08 1.51378E+00
   124 1.77830E+08 1.53273E+00
   112 1.77830E+08 1.54550E+00
   100 1.77830E+08 1.55055E+00
    88 1.77830E+08 1.54652E+00
    76 1.77830E+08 1.53232E+00
    64 1.77830E+08 1.50705E+00
    52 1.77830E+08 1.46975E+00
    40 1.77830E+08 1.41982E+00
    28 1.77830E+08 1.35927E+00
    16 1.77830E+08 1.27038E+00
   256 3.16230E+08 1.29454E+00
   244 3.16230E+08 1.31883E+00
   232 3.16230E+08 1.34445E+00
   220 3.16230E+08 1.37130E+00
   208 3.16230E+08 1.39925E+00
   196 3.16230E+08 1.42806E+00
   184 3.16230E+08 1.45735E+00
   172 3.16230E+08 1.48655E+00
   160 3.16230E+08 1.51493E+00
   148 3.16230E+08 1.54150E+00
   136 3.16230E+08 1.56504E+00
   124 3.16230E+08 1.58416E+00
   112 3.16230E+08 1.59733E+00
   100 3.16230E+08 1.60305E+00
    88 3.16230E+08 1.59987E+00
    76 3.16230E+08 1.58657E+00
    64 3.16230E+08 1.56202E+00
    52 3.16230E+08 1.52498E+00
    40 3.16230E+08 1.47425E+00
    28 3.16230E+08 1.41185E+00
    16 3.16230E+08 1.31992E+00
   256 5.62340E+08 1.33530E+00
   244 5.62340E+08 1.35951E+00
   232 5.62340E+08 1.38497E+00
   220 5.62340E+08 1.41162E+00
   208 5.62340E+08 1.43930E+00
   196 5.62340E+08 1.46776E+00
   184 5.62340E+08 1.49664E+00
   172 5.62340E+08 1.52540E+00
   160 5.62340E+08 1.55332E+00
   148 5.62340E+08 1.57948E+00
   136 5.62340E+08 1.60275E+00
   124 5.62340E+08 1.62178E+00
   112 5.62340E+08 1.63515E+00
   100 5.62340E+08 1.64137E+00
    88 5.62340E+08 1.63900E+00
    76 5.62340E+08 1.62671E+00
    64 5.62340E+08 1.60318E+00
    52 5.62340E+08 1.56689E+00
    40 5.62340E+08 1.51610E+00
    28 5.62340E+08 1.45244E+00
    16 5.62340E+08 1.35842E+00
   256 1.00000E+09 1.36702E+00
   244 1.00000E+09 1.39093E+00
   232 1.00000E+09 1.41604E+00
   220 1.00000E+09 1.44225E+00
   208 1.00000E+09 1.46942E+00
   196 1.00000E+09 1.49730E+00
   184 1.00000E+09 1.52553E+00
   172 1.00000E+09 1.55360E+00
   160 1.00000E+09 1.58084E+00
   148 1.00000E+09 1.60635E+00
   136 1.00000E+09 1.62910E+00
   124 1.00000E+09 1.64782E+00
   112 1.00000E+09 1.66117E+00
   100 1.00000E+09 1.66769E+00
    88 1.00000E+09 1.66607E+00
    76 1.00000E+09 1.65480E+00
    64 1.00000E+09 1.63245E+00
    52 1.00000E+09 1.59727E+00
    40 1.00000E+09 1.54704E+00
    28 1.00000E+09 1.48271E+00
    16 1.00000E+09 1.38745E+00
   256 1.77830E+09 1.39122E+00
   244 1.77830E+09 1.41470E+00
   232 1.77830E+09 1.43930E+00
   220 1.77830E+09 1.46492E+00
   208 1.77830E+09 1.49143E+00
   196 1.77830E+09 1.51857E+00
   184 1.77830E+09 1.54600E+00
   172 1.77830E+09 1.57322E+00
   160 1.77830E+09 1.59959E+00
   148 1.77830E+09 1.62430E+00
   136 1.77830E+09 1.64635E+00
   124 1.77830E+09 1.66458E+00
   112 1.77830E+09 1.67769E+00
   100 1.77830E+09 1.68448E+00
    88 1.77830E+09 1.68334E+00
    76 1.77830E+09 1.67300E+00
    64 1.77830E+09 1.65190E+00
    52 1.77830E+09 1.61805E+00
    40 1.77830E+09 1.56886E+00
    28 1.77830E+09 1.50438E+00
    16 1.77830E+09 1.40865E+00
   256 3.16230E+09 1.40935E+00
   244 3.16230E+09 1.43231E+00
   232 3.16230E+09 1.45632E+00
   220 3.16230E+09 1.48127E+00
   208 3.16230E+09 1.50702E+00
   196 3.16230E+09 1.53333E+00
   184 3.16230E+09 1.55986E+00
   172 3.16230E+09 1.58615E+00
   160 3.16230E+09 1.61157E+00
   148 3.16230E+09 1.63535E+00
   136 3.16230E+09 1.65660E+00
   124 3.16230E+09 1.67418E+00
   112 3.16230E+09 1.68700E+00
   100 3.16230E+09 1.69368E+00
    88 3.16230E+09 1.69299E+00
    76 3.16230E+09 1.68348E+00
    64 3.16230E+09 1.66351E+00
    52 3.16230E+09 1.63110E+00
    40 3.16230E+09 1.58328E+00
    28 3.16230E+09 1.51912E+00
    16 3.16230E+09 1.42358E+00
   256 5.62340E+09 1.42275E+00
   244 5.62340E+09 1.44513E+00
   232 5.62340E+09 1.46850E+00
   220 5.62340E+09 1.49275E+00
   208 5.62340E+09 1.51771E+00
   196 5.62340E+09 1.54315E+00
   184 5.62340E+09 1.56875E+00
   172 5.62340E+09 1.59407E+00
   160 5.62340E+09 1.61850E+00
   148 5.62340E+09 1.64133E+00
   136 5.62340E+09 1.66169E+00
   124 5.62340E+09 1.67853E+00
   112 5.62340E+09 1.69085E+00
   100 5.62340E+09 1.69747E+00
    88 5.62340E+09 1.69687E+00
    76 5.62340E+09 1.68801E+00
    64 5.62340E+09 1.66915E+00
    52 5.62340E+09 1.63812E+00
    40 5.62340E+09 1.59185E+00
    28 5.62340E+09 1.52842E+00
    16 5.62340E+09 1.43363E+00
   256 1.00000E+10 1.43250E+00
   244 1.00000E+10 1.45432E+00
   232 1.00000E+10 1.47704E+00
   220 1.00000E+10 1.50057E+00
   208 1.00000E+10 1.52475E+00
   196 1.00000E+10 1.54935E+00
   184 1.00000E+10 1.57403E+00
   172 1.00000E+10 1.59838E+00
   160 1.00000E+10 1.62183E+00
   148 1.00000E+10 1.64370E+00
   136 1.00000E+10 1.66317E+00
   124 1.00000E+10 1.67932E+00
   112 1.00000E+10 1.69102E+00
   100 1.00000E+10 1.69731E+00
    88 1.00000E+10 1.69683E+00
    76 1.00000E+10 1.68834E+00
    64 1.00000E+10 1.67033E+00
    52 1.00000E+10 1.64060E+00
    40 1.00000E+10 1.59593E+00
    28 1.00000E+10 1.53353E+00
    16 1.00000E+10 1.44001E+00
