chymera-whit/run4

input file: equilbrium code
1                                      :  0 = white dwarf   1 = polytrope
0                                      :  0 = dead start    1 = jump start
1.5 0.0 -2.0 256 256 256 256 0.0 0.9   : n n' q jold kold jout kout log(rho) del
62 20 87 -3.40                         : R_e, R_p, r_-, log of rho_max 
%%%%%%%%%%%%%%%%%%%%%%%%%%%%%%%%%%%%%%%%%%%%
      PARAMETER ( JMAX = 256 , KMAX = 256 )
%%%%%%%%%%%%%%%%%%%%%%%%%%%%%%%%%%%%%%%%%%%%
 polytropic index  :  1.5

 n prime :        0.0000

 converged after          234  iterations
 relative diff. in hmax  :  0.1969E-11
 relative diff. in h0sq  :  0.2996E-10
 relative diff. in c     :  0.3147E-10
 1.5*s/|w|               :  0.1655E+00
 t/|w|                   :    2.3899E-01  4.4752E-01
 virial error            :   -1.8334E-02  1.3251E-02

 axis ratio:   1.000
 omega0^2:  0.2336E-01
 mass:  0.2334E+00
 t:  0.1340E-01
 -w:  0.5704E-01
 3.0*s:  0.2832E-01
 star/disk:   0.0000E+00
%%%%%%%%%%%%%%%%%%%%%%%%%%%%%%%%%%%%%%%%%%%%
 its       =         234
     pin       =  0.1500000E+01
     nprime    =  0.0000000E+00
 jmax      =         256
 kmax      =         256
 jout      =         256
 kout      =         169
     omega max =  0.3638125E-01
     omaxj     =  0.8700000E+02
     omegacen  =  0.1165938E+00
     rhocen    =  0.1100698E-01
     xk        =  0.1000000E+01
     wwpoly    = -0.1433832E+00
     ttpoly    =  0.3368586E-01
     sspoly    =  0.2373135E-01
     u/|w|     =  0.2482650E+00
     t/|w|     =  0.2349360E+00
     etot      = -0.7410028E-01
     ve        = -0.3359800E-01
     repoly    =  0.3091944E+02
     re/rp     =  0.1000000E+01
     jtotp     =  0.1014416E+01
     jtoth     =  0.4231981E-01
     rotip     =  0.3049017E+02
     rotih     =  0.1333920E+00
     rhf(jout) =  0.4241667E+01
     drpoly    =  0.1217301E+00
%%%%%%%%%%%%%%%%%%%%%%%%%%%%%%%%%%%%%%%%%%%%
    2  0.000E+00  0.10997E-01  0.287E-03 -0.40618E+00  0.11657E+00
    3  0.122E+00  0.10978E-01  0.258E-02 -0.40579E+00  0.11653E+00
    4  0.243E+00  0.10926E-01  0.716E-02 -0.40499E+00  0.11640E+00
    5  0.365E+00  0.10848E-01  0.140E-01 -0.40381E+00  0.11616E+00
    6  0.487E+00  0.10745E-01  0.230E-01 -0.40223E+00  0.11583E+00
    7  0.609E+00  0.10618E-01  0.342E-01 -0.40028E+00  0.11543E+00
    8  0.730E+00  0.10467E-01  0.475E-01 -0.39796E+00  0.11494E+00
    9  0.852E+00  0.10294E-01  0.627E-01 -0.39527E+00  0.11438E+00
   10  0.974E+00  0.10100E-01  0.799E-01 -0.39224E+00  0.11374E+00
   11  0.110E+01  0.98858E-02  0.988E-01 -0.38887E+00  0.11303E+00
   12  0.122E+01  0.96535E-02  0.119E+00 -0.38518E+00  0.11225E+00
   13  0.134E+01  0.94044E-02  0.141E+00 -0.38118E+00  0.11139E+00
   14  0.146E+01  0.91401E-02  0.165E+00 -0.37690E+00  0.11047E+00
   15  0.158E+01  0.88623E-02  0.190E+00 -0.37234E+00  0.10949E+00
   16  0.170E+01  0.85727E-02  0.216E+00 -0.36753E+00  0.10844E+00
   17  0.183E+01  0.82730E-02  0.243E+00 -0.36249E+00  0.10733E+00
   18  0.195E+01  0.79650E-02  0.270E+00 -0.35724E+00  0.10617E+00
   19  0.207E+01  0.76504E-02  0.299E+00 -0.35179E+00  0.10495E+00
   20  0.219E+01  0.73309E-02  0.327E+00 -0.34616E+00  0.10369E+00
   21  0.231E+01  0.70081E-02  0.357E+00 -0.34039E+00  0.10237E+00
   22  0.243E+01  0.66837E-02  0.386E+00 -0.33447E+00  0.10101E+00
   23  0.256E+01  0.63591E-02  0.416E+00 -0.32845E+00  0.99616E-01
   24  0.268E+01  0.60359E-02  0.445E+00 -0.32233E+00  0.98179E-01
   25  0.280E+01  0.57153E-02  0.474E+00 -0.31613E+00  0.96707E-01
   26  0.292E+01  0.53987E-02  0.503E+00 -0.30988E+00  0.95204E-01
   27  0.304E+01  0.50871E-02  0.532E+00 -0.30359E+00  0.93673E-01
   28  0.316E+01  0.47817E-02  0.560E+00 -0.29727E+00  0.92116E-01
   29  0.329E+01  0.44834E-02  0.587E+00 -0.29095E+00  0.90537E-01
   30  0.341E+01  0.41930E-02  0.614E+00 -0.28465E+00  0.88939E-01
   31  0.353E+01  0.39113E-02  0.640E+00 -0.27836E+00  0.87324E-01
   32  0.365E+01  0.36389E-02  0.665E+00 -0.27212E+00  0.85696E-01
   33  0.377E+01  0.33764E-02  0.688E+00 -0.26593E+00  0.84056E-01
   34  0.390E+01  0.31240E-02  0.711E+00 -0.25981E+00  0.82408E-01
   35  0.402E+01  0.28823E-02  0.733E+00 -0.25376E+00  0.80754E-01
   36  0.414E+01  0.26514E-02  0.754E+00 -0.24780E+00  0.79095E-01
   37  0.426E+01  0.24315E-02  0.774E+00 -0.24194E+00  0.77436E-01
   38  0.438E+01  0.22226E-02  0.792E+00 -0.23618E+00  0.75777E-01
   39  0.450E+01  0.20248E-02  0.810E+00 -0.23054E+00  0.74120E-01
   40  0.463E+01  0.18380E-02  0.826E+00 -0.22501E+00  0.72468E-01
   41  0.475E+01  0.16621E-02  0.841E+00 -0.21961E+00  0.70822E-01
   42  0.487E+01  0.14969E-02  0.855E+00 -0.21435E+00  0.69183E-01
   43  0.499E+01  0.13422E-02  0.868E+00 -0.20921E+00  0.67554E-01
   44  0.511E+01  0.11978E-02  0.879E+00 -0.20422E+00  0.65935E-01
   45  0.523E+01  0.10634E-02  0.890E+00 -0.19936E+00  0.64327E-01
   46  0.536E+01  0.93854E-03  0.899E+00 -0.19465E+00  0.62732E-01
   47  0.548E+01  0.82306E-03  0.908E+00 -0.19008E+00  0.61151E-01
   48  0.560E+01  0.71655E-03  0.915E+00 -0.18566E+00  0.59585E-01
   49  0.572E+01  0.61867E-03  0.922E+00 -0.18139E+00  0.58033E-01
   50  0.584E+01  0.52905E-03  0.927E+00 -0.17726E+00  0.56498E-01
   51  0.596E+01  0.44734E-03  0.932E+00 -0.17327E+00  0.54979E-01
   52  0.609E+01  0.37319E-03  0.936E+00 -0.16943E+00  0.53477E-01
   53  0.621E+01  0.30626E-03  0.939E+00 -0.16573E+00  0.51992E-01
   54  0.633E+01  0.24623E-03  0.942E+00 -0.16216E+00  0.50524E-01
   55  0.645E+01  0.19281E-03  0.944E+00 -0.15874E+00  0.49073E-01
   56  0.657E+01  0.14575E-03  0.946E+00 -0.15545E+00  0.47640E-01
   57  0.670E+01  0.10485E-03  0.947E+00 -0.15229E+00  0.46224E-01
   58  0.682E+01  0.69989E-04  0.948E+00 -0.14926E+00  0.44825E-01
   59  0.694E+01  0.41192E-04  0.948E+00 -0.14635E+00  0.43443E-01
   60  0.706E+01  0.18734E-04  0.948E+00 -0.14356E+00  0.42078E-01
   61  0.718E+01  0.35968E-05  0.948E+00 -0.14088E+00  0.40729E-01
   62  0.730E+01  0.00000E+00  0.948E+00 -0.13832E+00  0.39408E-01
   63  0.743E+01  0.00000E+00  0.948E+00 -0.13585E+00  0.00000E+00
   64  0.755E+01  0.00000E+00  0.948E+00 -0.13348E+00  0.00000E+00
   65  0.767E+01  0.00000E+00  0.948E+00 -0.13121E+00  0.00000E+00
   66  0.779E+01  0.00000E+00  0.948E+00 -0.12901E+00  0.72481-317
   67  0.791E+01  0.00000E+00  0.948E+00 -0.12690E+00  0.51369-310
   68  0.803E+01  0.00000E+00  0.948E+00 -0.12486E+00  0.51369-310
   69  0.816E+01  0.00000E+00  0.948E+00 -0.12289E+00  0.51369-310
   70  0.828E+01  0.00000E+00  0.948E+00 -0.12099E+00  0.77358-313
   71  0.840E+01  0.00000E+00  0.948E+00 -0.11915E+00  0.75248-313
   72  0.852E+01  0.00000E+00  0.948E+00 -0.11737E+00  0.51369-310
   73  0.864E+01  0.00000E+00  0.948E+00 -0.11565E+00  0.51369-310
   74  0.876E+01  0.00000E+00  0.948E+00 -0.11398E+00  0.00000E+00
   75  0.889E+01  0.00000E+00  0.948E+00 -0.11236E+00  0.00000E+00
   76  0.901E+01  0.00000E+00  0.948E+00 -0.11079E+00  0.00000E+00
   77  0.913E+01  0.00000E+00  0.948E+00 -0.10927E+00  0.51369-310
   78  0.925E+01  0.00000E+00  0.948E+00 -0.10779E+00  0.00000E+00
   79  0.937E+01  0.00000E+00  0.948E+00 -0.10636E+00  0.51369-310
   80  0.949E+01  0.00000E+00  0.948E+00 -0.10497E+00  0.00000E+00
   81  0.962E+01  0.00000E+00  0.948E+00 -0.10361E+00  0.00000E+00
   82  0.974E+01  0.00000E+00  0.948E+00 -0.10229E+00  0.77358-313
   83  0.986E+01  0.00000E+00  0.948E+00 -0.10101E+00  0.00000E+00
   84  0.998E+01  0.00000E+00  0.948E+00 -0.99766E-01  0.72481-317
   85  0.101E+02  0.00000E+00  0.948E+00 -0.98551E-01  0.51369-310
   86  0.102E+02  0.00000E+00  0.948E+00 -0.97368E-01  0.51369-310
   87  0.103E+02  0.00000E+00  0.948E+00 -0.96215E-01  0.36381E-01
   88  0.105E+02  0.26311E-07  0.948E+00 -0.95092E-01  0.35545E-01
   89  0.106E+02  0.12946E-06  0.948E+00 -0.93996E-01  0.34737E-01
   90  0.107E+02  0.26674E-06  0.948E+00 -0.92928E-01  0.33957E-01
   91  0.108E+02  0.42391E-06  0.948E+00 -0.91886E-01  0.33202E-01
   92  0.110E+02  0.59340E-06  0.948E+00 -0.90868E-01  0.32472E-01
   93  0.111E+02  0.77031E-06  0.948E+00 -0.89875E-01  0.31766E-01
   94  0.112E+02  0.95119E-06  0.948E+00 -0.88905E-01  0.31083E-01
   95  0.113E+02  0.11335E-05  0.948E+00 -0.87958E-01  0.30422E-01
   96  0.114E+02  0.13153E-05  0.948E+00 -0.87032E-01  0.29781E-01
   97  0.116E+02  0.14951E-05  0.948E+00 -0.86126E-01  0.29161E-01
   98  0.117E+02  0.16718E-05  0.948E+00 -0.85241E-01  0.28560E-01
   99  0.118E+02  0.18445E-05  0.949E+00 -0.84376E-01  0.27977E-01
  100  0.119E+02  0.20125E-05  0.949E+00 -0.83529E-01  0.27412E-01
  101  0.121E+02  0.21752E-05  0.949E+00 -0.82700E-01  0.26864E-01
  102  0.122E+02  0.23324E-05  0.949E+00 -0.81889E-01  0.26332E-01
  103  0.123E+02  0.24836E-05  0.949E+00 -0.81094E-01  0.25815E-01
  104  0.124E+02  0.26286E-05  0.949E+00 -0.80316E-01  0.25314E-01
  105  0.125E+02  0.27674E-05  0.949E+00 -0.79554E-01  0.24827E-01
  106  0.127E+02  0.28998E-05  0.949E+00 -0.78807E-01  0.24354E-01
  107  0.128E+02  0.30258E-05  0.949E+00 -0.78075E-01  0.23895E-01
  108  0.129E+02  0.31454E-05  0.950E+00 -0.77357E-01  0.23448E-01
  109  0.130E+02  0.32586E-05  0.950E+00 -0.76653E-01  0.23014E-01
  110  0.131E+02  0.33655E-05  0.950E+00 -0.75963E-01  0.22592E-01
  111  0.133E+02  0.34662E-05  0.950E+00 -0.75286E-01  0.22181E-01
  112  0.134E+02  0.35607E-05  0.951E+00 -0.74621E-01  0.21781E-01
  113  0.135E+02  0.36492E-05  0.951E+00 -0.73969E-01  0.21392E-01
  114  0.136E+02  0.37319E-05  0.951E+00 -0.73328E-01  0.21014E-01
  115  0.138E+02  0.38087E-05  0.951E+00 -0.72699E-01  0.20645E-01
  116  0.139E+02  0.38799E-05  0.952E+00 -0.72082E-01  0.20286E-01
  117  0.140E+02  0.39457E-05  0.952E+00 -0.71475E-01  0.19936E-01
  118  0.141E+02  0.40061E-05  0.952E+00 -0.70879E-01  0.19596E-01
  119  0.142E+02  0.40614E-05  0.953E+00 -0.70293E-01  0.19263E-01
  120  0.144E+02  0.41116E-05  0.953E+00 -0.69717E-01  0.18940E-01
  121  0.145E+02  0.41570E-05  0.953E+00 -0.69151E-01  0.18624E-01
  122  0.146E+02  0.41976E-05  0.954E+00 -0.68594E-01  0.18316E-01
  123  0.147E+02  0.42337E-05  0.954E+00 -0.68047E-01  0.18016E-01
  124  0.149E+02  0.42654E-05  0.954E+00 -0.67508E-01  0.17723E-01
  125  0.150E+02  0.42928E-05  0.955E+00 -0.66978E-01  0.17437E-01
  126  0.151E+02  0.43162E-05  0.955E+00 -0.66457E-01  0.17158E-01
  127  0.152E+02  0.43355E-05  0.956E+00 -0.65944E-01  0.16886E-01
  128  0.153E+02  0.43511E-05  0.956E+00 -0.65439E-01  0.16620E-01
  129  0.155E+02  0.43630E-05  0.957E+00 -0.64941E-01  0.16360E-01
  130  0.156E+02  0.43714E-05  0.957E+00 -0.64452E-01  0.16107E-01
  131  0.157E+02  0.43764E-05  0.958E+00 -0.63969E-01  0.15859E-01
  132  0.158E+02  0.43781E-05  0.958E+00 -0.63494E-01  0.15617E-01
  133  0.159E+02  0.43767E-05  0.959E+00 -0.63026E-01  0.15380E-01
  134  0.161E+02  0.43723E-05  0.959E+00 -0.62565E-01  0.15149E-01
  135  0.162E+02  0.43650E-05  0.960E+00 -0.62111E-01  0.14923E-01
  136  0.163E+02  0.43549E-05  0.960E+00 -0.61663E-01  0.14702E-01
  137  0.164E+02  0.43422E-05  0.961E+00 -0.61222E-01  0.14485E-01
  138  0.166E+02  0.43270E-05  0.961E+00 -0.60786E-01  0.14274E-01
  139  0.167E+02  0.43094E-05  0.962E+00 -0.60357E-01  0.14067E-01
  140  0.168E+02  0.42894E-05  0.962E+00 -0.59934E-01  0.13865E-01
  141  0.169E+02  0.42673E-05  0.963E+00 -0.59517E-01  0.13667E-01
  142  0.170E+02  0.42430E-05  0.963E+00 -0.59105E-01  0.13473E-01
  143  0.172E+02  0.42168E-05  0.964E+00 -0.58699E-01  0.13283E-01
  144  0.173E+02  0.41886E-05  0.965E+00 -0.58299E-01  0.13097E-01
  145  0.174E+02  0.41586E-05  0.965E+00 -0.57903E-01  0.12915E-01
  146  0.175E+02  0.41269E-05  0.966E+00 -0.57513E-01  0.12737E-01
  147  0.177E+02  0.40935E-05  0.966E+00 -0.57128E-01  0.12563E-01
  148  0.178E+02  0.40586E-05  0.967E+00 -0.56748E-01  0.12392E-01
  149  0.179E+02  0.40222E-05  0.967E+00 -0.56373E-01  0.12224E-01
  150  0.180E+02  0.39845E-05  0.968E+00 -0.56003E-01  0.12060E-01
  151  0.181E+02  0.39454E-05  0.969E+00 -0.55637E-01  0.11899E-01
  152  0.183E+02  0.39050E-05  0.969E+00 -0.55276E-01  0.11742E-01
  153  0.184E+02  0.38635E-05  0.970E+00 -0.54919E-01  0.11587E-01
  154  0.185E+02  0.38209E-05  0.970E+00 -0.54567E-01  0.11436E-01
  155  0.186E+02  0.37772E-05  0.971E+00 -0.54219E-01  0.11287E-01
  156  0.187E+02  0.37326E-05  0.972E+00 -0.53875E-01  0.11142E-01
  157  0.189E+02  0.36871E-05  0.972E+00 -0.53536E-01  0.10999E-01
  158  0.190E+02  0.36407E-05  0.973E+00 -0.53200E-01  0.10859E-01
  159  0.191E+02  0.35935E-05  0.973E+00 -0.52868E-01  0.10721E-01
  160  0.192E+02  0.35456E-05  0.974E+00 -0.52541E-01  0.10586E-01
  161  0.194E+02  0.34970E-05  0.975E+00 -0.52217E-01  0.10454E-01
  162  0.195E+02  0.34478E-05  0.975E+00 -0.51897E-01  0.10324E-01
  163  0.196E+02  0.33981E-05  0.976E+00 -0.51580E-01  0.10197E-01
  164  0.197E+02  0.33478E-05  0.976E+00 -0.51267E-01  0.10072E-01
  165  0.198E+02  0.32970E-05  0.977E+00 -0.50958E-01  0.99489E-02
  166  0.200E+02  0.32458E-05  0.978E+00 -0.50652E-01  0.98283E-02
  167  0.201E+02  0.31942E-05  0.978E+00 -0.50350E-01  0.97099E-02
  168  0.202E+02  0.31423E-05  0.979E+00 -0.50051E-01  0.95936E-02
  169  0.203E+02  0.30901E-05  0.979E+00 -0.49755E-01  0.94794E-02
  170  0.205E+02  0.30377E-05  0.980E+00 -0.49463E-01  0.93672E-02
  171  0.206E+02  0.29850E-05  0.981E+00 -0.49173E-01  0.92570E-02
  172  0.207E+02  0.29321E-05  0.981E+00 -0.48887E-01  0.91487E-02
  173  0.208E+02  0.28791E-05  0.982E+00 -0.48604E-01  0.90424E-02
  174  0.209E+02  0.28260E-05  0.982E+00 -0.48324E-01  0.89378E-02
  175  0.211E+02  0.27729E-05  0.983E+00 -0.48047E-01  0.88351E-02
  176  0.212E+02  0.27196E-05  0.983E+00 -0.47773E-01  0.87341E-02
  177  0.213E+02  0.26664E-05  0.984E+00 -0.47502E-01  0.86349E-02
  178  0.214E+02  0.26132E-05  0.984E+00 -0.47233E-01  0.85373E-02
  179  0.215E+02  0.25601E-05  0.985E+00 -0.46968E-01  0.84414E-02
  180  0.217E+02  0.25070E-05  0.985E+00 -0.46705E-01  0.83471E-02
  181  0.218E+02  0.24540E-05  0.986E+00 -0.46445E-01  0.82543E-02
  182  0.219E+02  0.24012E-05  0.986E+00 -0.46187E-01  0.81631E-02
  183  0.220E+02  0.23485E-05  0.987E+00 -0.45933E-01  0.80734E-02
  184  0.222E+02  0.22960E-05  0.987E+00 -0.45680E-01  0.79852E-02
  185  0.223E+02  0.22438E-05  0.988E+00 -0.45431E-01  0.78984E-02
  186  0.224E+02  0.21917E-05  0.988E+00 -0.45183E-01  0.78130E-02
  187  0.225E+02  0.21399E-05  0.989E+00 -0.44939E-01  0.77290E-02
  188  0.226E+02  0.20884E-05  0.989E+00 -0.44697E-01  0.76463E-02
  189  0.228E+02  0.20372E-05  0.990E+00 -0.44457E-01  0.75650E-02
  190  0.229E+02  0.19863E-05  0.990E+00 -0.44219E-01  0.74849E-02
  191  0.230E+02  0.19358E-05  0.990E+00 -0.43984E-01  0.74061E-02
  192  0.231E+02  0.18855E-05  0.991E+00 -0.43751E-01  0.73286E-02
  193  0.233E+02  0.18357E-05  0.991E+00 -0.43521E-01  0.72522E-02
  194  0.234E+02  0.17863E-05  0.992E+00 -0.43292E-01  0.71771E-02
  195  0.235E+02  0.17372E-05  0.992E+00 -0.43066E-01  0.71031E-02
  196  0.236E+02  0.16886E-05  0.992E+00 -0.42842E-01  0.70302E-02
  197  0.237E+02  0.16404E-05  0.993E+00 -0.42621E-01  0.69585E-02
  198  0.239E+02  0.15927E-05  0.993E+00 -0.42401E-01  0.68879E-02
  199  0.240E+02  0.15454E-05  0.993E+00 -0.42184E-01  0.68183E-02
  200  0.241E+02  0.14986E-05  0.994E+00 -0.41968E-01  0.67498E-02
  201  0.242E+02  0.14523E-05  0.994E+00 -0.41755E-01  0.66823E-02
  202  0.243E+02  0.14065E-05  0.994E+00 -0.41543E-01  0.66158E-02
  203  0.245E+02  0.13612E-05  0.995E+00 -0.41334E-01  0.65503E-02
  204  0.246E+02  0.13165E-05  0.995E+00 -0.41126E-01  0.64857E-02
  205  0.247E+02  0.12723E-05  0.995E+00 -0.40921E-01  0.64222E-02
  206  0.248E+02  0.12286E-05  0.996E+00 -0.40717E-01  0.63595E-02
  207  0.250E+02  0.11855E-05  0.996E+00 -0.40516E-01  0.62978E-02
  208  0.251E+02  0.11430E-05  0.996E+00 -0.40316E-01  0.62369E-02
  209  0.252E+02  0.11011E-05  0.996E+00 -0.40118E-01  0.61769E-02
  210  0.253E+02  0.10597E-05  0.997E+00 -0.39922E-01  0.61178E-02
  211  0.254E+02  0.10190E-05  0.997E+00 -0.39727E-01  0.60596E-02
  212  0.256E+02  0.97885E-06  0.997E+00 -0.39535E-01  0.60021E-02
  213  0.257E+02  0.93935E-06  0.997E+00 -0.39344E-01  0.59455E-02
  214  0.258E+02  0.90047E-06  0.997E+00 -0.39155E-01  0.58897E-02
  215  0.259E+02  0.86222E-06  0.998E+00 -0.38968E-01  0.58346E-02
  216  0.261E+02  0.82463E-06  0.998E+00 -0.38782E-01  0.57804E-02
  217  0.262E+02  0.78769E-06  0.998E+00 -0.38598E-01  0.57268E-02
  218  0.263E+02  0.75141E-06  0.998E+00 -0.38416E-01  0.56741E-02
  219  0.264E+02  0.71580E-06  0.998E+00 -0.38235E-01  0.56220E-02
  220  0.265E+02  0.68087E-06  0.998E+00 -0.38056E-01  0.55707E-02
  221  0.267E+02  0.64663E-06  0.999E+00 -0.37879E-01  0.55200E-02
  222  0.268E+02  0.61308E-06  0.999E+00 -0.37703E-01  0.54701E-02
  223  0.269E+02  0.58024E-06  0.999E+00 -0.37529E-01  0.54208E-02
  224  0.270E+02  0.54810E-06  0.999E+00 -0.37356E-01  0.53722E-02
  225  0.271E+02  0.51669E-06  0.999E+00 -0.37185E-01  0.53242E-02
  226  0.273E+02  0.48600E-06  0.999E+00 -0.37015E-01  0.52769E-02
  227  0.274E+02  0.45604E-06  0.999E+00 -0.36847E-01  0.52302E-02
  228  0.275E+02  0.42683E-06  0.999E+00 -0.36680E-01  0.51841E-02
  229  0.276E+02  0.39838E-06  0.999E+00 -0.36515E-01  0.51386E-02
  230  0.278E+02  0.37069E-06  0.999E+00 -0.36351E-01  0.50937E-02
  231  0.279E+02  0.34377E-06  0.100E+01 -0.36189E-01  0.50495E-02
  232  0.280E+02  0.31764E-06  0.100E+01 -0.36028E-01  0.50057E-02
  233  0.281E+02  0.29230E-06  0.100E+01 -0.35869E-01  0.49626E-02
  234  0.282E+02  0.26777E-06  0.100E+01 -0.35711E-01  0.49200E-02
  235  0.284E+02  0.24406E-06  0.100E+01 -0.35554E-01  0.48779E-02
  236  0.285E+02  0.22119E-06  0.100E+01 -0.35399E-01  0.48364E-02
  237  0.286E+02  0.19918E-06  0.100E+01 -0.35245E-01  0.47954E-02
  238  0.287E+02  0.17803E-06  0.100E+01 -0.35092E-01  0.47550E-02
  239  0.289E+02  0.15778E-06  0.100E+01 -0.34941E-01  0.47150E-02
  240  0.290E+02  0.13844E-06  0.100E+01 -0.34791E-01  0.46756E-02
  241  0.291E+02  0.12004E-06  0.100E+01 -0.34642E-01  0.46366E-02
  242  0.292E+02  0.10261E-06  0.100E+01 -0.34494E-01  0.45981E-02
  243  0.293E+02  0.86192E-07  0.100E+01 -0.34348E-01  0.45601E-02
  244  0.295E+02  0.70823E-07  0.100E+01 -0.34203E-01  0.45226E-02
  245  0.296E+02  0.56557E-07  0.100E+01 -0.34059E-01  0.44855E-02
  246  0.297E+02  0.43461E-07  0.100E+01 -0.33917E-01  0.44489E-02
  247  0.298E+02  0.31621E-07  0.100E+01 -0.33776E-01  0.44127E-02
  248  0.299E+02  0.21155E-07  0.100E+01 -0.33635E-01  0.43770E-02
  249  0.301E+02  0.12233E-07  0.100E+01 -0.33497E-01  0.43417E-02
  250  0.302E+02  0.51455E-08  0.100E+01 -0.33359E-01  0.43068E-02
  251  0.303E+02  0.53947E-09  0.100E+01 -0.33222E-01  0.42724E-02
  252  0.304E+02  0.00000E+00  0.100E+01 -0.33087E-01  0.42383E-02
  253  0.306E+02  0.00000E+00  0.100E+01 -0.32952E-01  0.42047E-02
  254  0.307E+02  0.00000E+00  0.100E+01 -0.32819E-01  0.41715E-02
  255  0.308E+02  0.00000E+00  0.100E+01 -0.32687E-01  0.41386E-02
  256  0.309E+02  0.00000E+00  0.100E+01 -0.32556E-01  0.41061E-02
%%%%%%%%%%%%%%%%%%%%%%%%%%%%%%%%%%%%%%%%%%%%
   2 0.8333E-02 0.5051E-03 0.7274E+01 0.2874E-03 0.1000E+01
   3 0.2500E-01 0.4544E-02 0.7271E+01 0.2584E-02 0.9982E+00
   4 0.4167E-01 0.1261E-01 0.7263E+01 0.7164E-02 0.9935E+00
   5 0.5833E-01 0.2466E-01 0.7248E+01 0.1400E-01 0.9864E+00
   6 0.7500E-01 0.4065E-01 0.7227E+01 0.2304E-01 0.9770E+00
   7 0.9167E-01 0.6052E-01 0.7202E+01 0.3422E-01 0.9655E+00
   8 0.1083E+00 0.8417E-01 0.7172E+01 0.4748E-01 0.9518E+00
   9 0.1250E+00 0.1115E+00 0.7137E+01 0.6273E-01 0.9360E+00
  10 0.1417E+00 0.1424E+00 0.7097E+01 0.7987E-01 0.9184E+00
  11 0.1583E+00 0.1768E+00 0.7053E+01 0.9879E-01 0.8989E+00
  12 0.1750E+00 0.2145E+00 0.7004E+01 0.1194E+00 0.8778E+00
  13 0.1917E+00 0.2553E+00 0.6950E+01 0.1415E+00 0.8552E+00
  14 0.2083E+00 0.2992E+00 0.6893E+01 0.1650E+00 0.8311E+00
  15 0.2250E+00 0.3458E+00 0.6831E+01 0.1898E+00 0.8059E+00
  16 0.2417E+00 0.3952E+00 0.6766E+01 0.2157E+00 0.7795E+00
  17 0.2583E+00 0.4469E+00 0.6697E+01 0.2425E+00 0.7523E+00
  18 0.2750E+00 0.5010E+00 0.6624E+01 0.2702E+00 0.7243E+00
  19 0.2917E+00 0.5571E+00 0.6549E+01 0.2986E+00 0.6957E+00
  20 0.3083E+00 0.6151E+00 0.6470E+01 0.3274E+00 0.6666E+00
  21 0.3250E+00 0.6747E+00 0.6388E+01 0.3567E+00 0.6373E+00
  22 0.3417E+00 0.7358E+00 0.6303E+01 0.3861E+00 0.6078E+00
  23 0.3583E+00 0.7981E+00 0.6215E+01 0.4156E+00 0.5782E+00
  24 0.3750E+00 0.8614E+00 0.6126E+01 0.4451E+00 0.5489E+00
  25 0.3917E+00 0.9256E+00 0.6034E+01 0.4744E+00 0.5197E+00
  26 0.4083E+00 0.9905E+00 0.5940E+01 0.5033E+00 0.4909E+00
  27 0.4250E+00 0.1056E+01 0.5845E+01 0.5318E+00 0.4626E+00
  28 0.4417E+00 0.1121E+01 0.5748E+01 0.5598E+00 0.4348E+00
  29 0.4583E+00 0.1187E+01 0.5649E+01 0.5872E+00 0.4077E+00
  30 0.4750E+00 0.1252E+01 0.5549E+01 0.6138E+00 0.3813E+00
  31 0.4917E+00 0.1317E+01 0.5449E+01 0.6396E+00 0.3557E+00
  32 0.5083E+00 0.1382E+01 0.5347E+01 0.6645E+00 0.3309E+00
  33 0.5250E+00 0.1446E+01 0.5245E+01 0.6885E+00 0.3070E+00
  34 0.5417E+00 0.1509E+01 0.5142E+01 0.7114E+00 0.2841E+00
  35 0.5583E+00 0.1571E+01 0.5039E+01 0.7333E+00 0.2621E+00
  36 0.5750E+00 0.1632E+01 0.4935E+01 0.7541E+00 0.2411E+00
  37 0.5917E+00 0.1691E+01 0.4832E+01 0.7738E+00 0.2211E+00
  38 0.6083E+00 0.1750E+01 0.4728E+01 0.7923E+00 0.2021E+00
  39 0.6250E+00 0.1807E+01 0.4625E+01 0.8097E+00 0.1841E+00
  40 0.6417E+00 0.1862E+01 0.4522E+01 0.8259E+00 0.1671E+00
  41 0.6583E+00 0.1915E+01 0.4419E+01 0.8409E+00 0.1511E+00
  42 0.6750E+00 0.1967E+01 0.4317E+01 0.8548E+00 0.1361E+00
  43 0.6917E+00 0.2016E+01 0.4215E+01 0.8676E+00 0.1221E+00
  44 0.7083E+00 0.2064E+01 0.4114E+01 0.8792E+00 0.1089E+00
  45 0.7250E+00 0.2110E+01 0.4014E+01 0.8897E+00 0.9669E-01
  46 0.7417E+00 0.2153E+01 0.3914E+01 0.8992E+00 0.8534E-01
  47 0.7583E+00 0.2194E+01 0.3815E+01 0.9077E+00 0.7484E-01
  48 0.7750E+00 0.2233E+01 0.3718E+01 0.9151E+00 0.6516E-01
  49 0.7917E+00 0.2269E+01 0.3621E+01 0.9217E+00 0.5626E-01
  50 0.8083E+00 0.2303E+01 0.3525E+01 0.9273E+00 0.4811E-01
  51 0.8250E+00 0.2335E+01 0.3430E+01 0.9321E+00 0.4068E-01
  52 0.8417E+00 0.2364E+01 0.3337E+01 0.9362E+00 0.3393E-01
  53 0.8583E+00 0.2390E+01 0.3244E+01 0.9395E+00 0.2785E-01
  54 0.8750E+00 0.2414E+01 0.3152E+01 0.9421E+00 0.2239E-01
  55 0.8917E+00 0.2434E+01 0.3062E+01 0.9442E+00 0.1753E-01
  56 0.9083E+00 0.2453E+01 0.2972E+01 0.9457E+00 0.1325E-01
  57 0.9250E+00 0.2468E+01 0.2884E+01 0.9468E+00 0.9534E-02
  58 0.9417E+00 0.2480E+01 0.2797E+01 0.9476E+00 0.6364E-02
  59 0.9583E+00 0.2489E+01 0.2711E+01 0.9480E+00 0.3746E-02
  60 0.9750E+00 0.2496E+01 0.2625E+01 0.9482E+00 0.1704E-02
  61 0.9917E+00 0.2499E+01 0.2541E+01 0.9482E+00 0.3271E-03
  62 0.1008E+01 0.2500E+01 0.2459E+01 0.9482E+00 0.1340E-14
  63 0.1025E+01 0.0000E+00 0.0000E+00 0.9482E+00 0.0000E+00
  64 0.1042E+01 0.0000E+00 0.0000E+00 0.9482E+00 0.0000E+00
  65 0.1058E+01 0.0000E+00 0.0000E+00 0.9482E+00 0.0000E+00
  66 0.1075E+01 0.0000E+00 0.9810-316 0.9482E+00 0.0000E+00
  67 0.1092E+01 0.0000E+00 0.6953-309 0.9482E+00 0.0000E+00
  68 0.1108E+01 0.0000E+00 0.6953-309 0.9482E+00 0.0000E+00
  69 0.1125E+01 0.0000E+00 0.6953-309 0.9482E+00 0.0000E+00
  70 0.1142E+01 0.0000E+00 0.1047-311 0.9482E+00 0.0000E+00
  71 0.1158E+01 0.0000E+00 0.1019-311 0.9482E+00 0.0000E+00
  72 0.1175E+01 0.0000E+00 0.6953-309 0.9482E+00 0.0000E+00
  73 0.1192E+01 0.0000E+00 0.6953-309 0.9482E+00 0.0000E+00
  74 0.1208E+01 0.0000E+00 0.0000E+00 0.9482E+00 0.0000E+00
  75 0.1225E+01 0.0000E+00 0.0000E+00 0.9482E+00 0.0000E+00
  76 0.1242E+01 0.0000E+00 0.0000E+00 0.9482E+00 0.0000E+00
  77 0.1258E+01 0.0000E+00 0.6953-309 0.9482E+00 0.0000E+00
  78 0.1275E+01 0.0000E+00 0.2322-321 0.9482E+00 0.0000E+00
  79 0.1292E+01 0.0000E+00 0.6953-309 0.9482E+00 0.0000E+00
  80 0.1308E+01 0.0000E+00 0.4941-323 0.9482E+00 0.0000E+00
  81 0.1325E+01 0.0000E+00 0.0000E+00 0.9482E+00 0.0000E+00
  82 0.1342E+01 0.0000E+00 0.1047-311 0.9482E+00 0.0000E+00
  83 0.1358E+01 0.0000E+00 0.0000E+00 0.9482E+00 0.0000E+00
  84 0.1375E+01 0.0000E+00 0.9810-316 0.9482E+00 0.0000E+00
  85 0.1392E+01 0.0000E+00 0.6953-309 0.9482E+00 0.0000E+00
  86 0.1408E+01 0.0000E+00 0.6953-309 0.9482E+00 0.0000E+00
  87 0.1425E+01 0.1000E+01 0.4925E+00 0.9482E+00 0.6711E-15
  88 0.1442E+01 0.1000E+01 0.4811E+00 0.9482E+00 0.2393E-05
  89 0.1458E+01 0.1000E+01 0.4702E+00 0.9482E+00 0.1177E-04
  90 0.1475E+01 0.1000E+01 0.4596E+00 0.9482E+00 0.2425E-04
  91 0.1492E+01 0.1000E+01 0.4494E+00 0.9482E+00 0.3855E-04
  92 0.1508E+01 0.1000E+01 0.4395E+00 0.9483E+00 0.5396E-04
  93 0.1525E+01 0.1000E+01 0.4300E+00 0.9483E+00 0.7005E-04
  94 0.1542E+01 0.1000E+01 0.4207E+00 0.9483E+00 0.8649E-04
  95 0.1558E+01 0.1000E+01 0.4118E+00 0.9483E+00 0.1031E-03
  96 0.1575E+01 0.1000E+01 0.4031E+00 0.9484E+00 0.1196E-03
  97 0.1592E+01 0.1000E+01 0.3947E+00 0.9484E+00 0.1360E-03
  98 0.1608E+01 0.1000E+01 0.3866E+00 0.9485E+00 0.1520E-03
  99 0.1625E+01 0.1000E+01 0.3787E+00 0.9485E+00 0.1677E-03
 100 0.1642E+01 0.1000E+01 0.3710E+00 0.9486E+00 0.1830E-03
 101 0.1658E+01 0.1000E+01 0.3636E+00 0.9487E+00 0.1978E-03
 102 0.1675E+01 0.1000E+01 0.3564E+00 0.9488E+00 0.2121E-03
 103 0.1692E+01 0.1000E+01 0.3494E+00 0.9489E+00 0.2258E-03
 104 0.1708E+01 0.1000E+01 0.3427E+00 0.9490E+00 0.2390E-03
 105 0.1725E+01 0.1000E+01 0.3361E+00 0.9492E+00 0.2516E-03
 106 0.1742E+01 0.1000E+01 0.3297E+00 0.9493E+00 0.2637E-03
 107 0.1758E+01 0.1000E+01 0.3234E+00 0.9495E+00 0.2751E-03
 108 0.1775E+01 0.1000E+01 0.3174E+00 0.9497E+00 0.2860E-03
 109 0.1792E+01 0.1000E+01 0.3115E+00 0.9499E+00 0.2963E-03
 110 0.1808E+01 0.1000E+01 0.3058E+00 0.9501E+00 0.3060E-03
 111 0.1825E+01 0.1000E+01 0.3002E+00 0.9503E+00 0.3152E-03
 112 0.1842E+01 0.1000E+01 0.2948E+00 0.9505E+00 0.3238E-03
 113 0.1858E+01 0.1000E+01 0.2896E+00 0.9508E+00 0.3318E-03
 114 0.1875E+01 0.1000E+01 0.2844E+00 0.9511E+00 0.3393E-03
 115 0.1892E+01 0.1000E+01 0.2795E+00 0.9513E+00 0.3463E-03
 116 0.1908E+01 0.1000E+01 0.2746E+00 0.9516E+00 0.3528E-03
 117 0.1925E+01 0.1000E+01 0.2699E+00 0.9519E+00 0.3588E-03
 118 0.1942E+01 0.1000E+01 0.2652E+00 0.9523E+00 0.3643E-03
 119 0.1958E+01 0.1000E+01 0.2608E+00 0.9526E+00 0.3693E-03
 120 0.1975E+01 0.1000E+01 0.2564E+00 0.9529E+00 0.3739E-03
 121 0.1992E+01 0.1000E+01 0.2521E+00 0.9533E+00 0.3780E-03
 122 0.2008E+01 0.1000E+01 0.2479E+00 0.9537E+00 0.3817E-03
 123 0.2025E+01 0.1000E+01 0.2439E+00 0.9541E+00 0.3850E-03
 124 0.2042E+01 0.1000E+01 0.2399E+00 0.9545E+00 0.3879E-03
 125 0.2058E+01 0.1000E+01 0.2360E+00 0.9549E+00 0.3904E-03
 126 0.2075E+01 0.1000E+01 0.2323E+00 0.9553E+00 0.3925E-03
 127 0.2092E+01 0.1000E+01 0.2286E+00 0.9557E+00 0.3942E-03
 128 0.2108E+01 0.1000E+01 0.2250E+00 0.9562E+00 0.3957E-03
 129 0.2125E+01 0.1000E+01 0.2215E+00 0.9566E+00 0.3967E-03
 130 0.2142E+01 0.1000E+01 0.2180E+00 0.9571E+00 0.3975E-03
 131 0.2158E+01 0.1000E+01 0.2147E+00 0.9576E+00 0.3980E-03
 132 0.2175E+01 0.1000E+01 0.2114E+00 0.9581E+00 0.3981E-03
 133 0.2192E+01 0.1000E+01 0.2082E+00 0.9586E+00 0.3980E-03
 134 0.2208E+01 0.1000E+01 0.2051E+00 0.9591E+00 0.3976E-03
 135 0.2225E+01 0.1000E+01 0.2020E+00 0.9596E+00 0.3969E-03
 136 0.2242E+01 0.1000E+01 0.1990E+00 0.9601E+00 0.3960E-03
 137 0.2258E+01 0.1000E+01 0.1961E+00 0.9606E+00 0.3948E-03
 138 0.2275E+01 0.1000E+01 0.1932E+00 0.9612E+00 0.3935E-03
 139 0.2292E+01 0.1000E+01 0.1904E+00 0.9617E+00 0.3919E-03
 140 0.2308E+01 0.1000E+01 0.1877E+00 0.9623E+00 0.3900E-03
 141 0.2325E+01 0.1000E+01 0.1850E+00 0.9628E+00 0.3880E-03
 142 0.2342E+01 0.1000E+01 0.1824E+00 0.9634E+00 0.3858E-03
 143 0.2358E+01 0.1000E+01 0.1798E+00 0.9640E+00 0.3834E-03
 144 0.2375E+01 0.1000E+01 0.1773E+00 0.9645E+00 0.3809E-03
 145 0.2392E+01 0.1000E+01 0.1748E+00 0.9651E+00 0.3781E-03
 146 0.2408E+01 0.1000E+01 0.1724E+00 0.9657E+00 0.3753E-03
 147 0.2425E+01 0.1000E+01 0.1700E+00 0.9663E+00 0.3722E-03
 148 0.2442E+01 0.1000E+01 0.1677E+00 0.9669E+00 0.3691E-03
 149 0.2458E+01 0.1000E+01 0.1655E+00 0.9675E+00 0.3657E-03
 150 0.2475E+01 0.1000E+01 0.1632E+00 0.9681E+00 0.3623E-03
 151 0.2492E+01 0.1000E+01 0.1611E+00 0.9687E+00 0.3588E-03
 152 0.2508E+01 0.1000E+01 0.1589E+00 0.9693E+00 0.3551E-03
 153 0.2525E+01 0.1000E+01 0.1568E+00 0.9699E+00 0.3513E-03
 154 0.2542E+01 0.1000E+01 0.1548E+00 0.9705E+00 0.3474E-03
 155 0.2558E+01 0.1000E+01 0.1528E+00 0.9711E+00 0.3435E-03
 156 0.2575E+01 0.1000E+01 0.1508E+00 0.9717E+00 0.3394E-03
 157 0.2592E+01 0.1000E+01 0.1489E+00 0.9723E+00 0.3353E-03
 158 0.2608E+01 0.1000E+01 0.1470E+00 0.9729E+00 0.3311E-03
 159 0.2625E+01 0.1000E+01 0.1451E+00 0.9735E+00 0.3268E-03
 160 0.2642E+01 0.1000E+01 0.1433E+00 0.9741E+00 0.3224E-03
 161 0.2658E+01 0.1000E+01 0.1415E+00 0.9747E+00 0.3180E-03
 162 0.2675E+01 0.1000E+01 0.1398E+00 0.9753E+00 0.3135E-03
 163 0.2692E+01 0.1000E+01 0.1380E+00 0.9759E+00 0.3090E-03
 164 0.2708E+01 0.1000E+01 0.1363E+00 0.9765E+00 0.3044E-03
 165 0.2725E+01 0.1000E+01 0.1347E+00 0.9771E+00 0.2998E-03
 166 0.2742E+01 0.1000E+01 0.1330E+00 0.9777E+00 0.2951E-03
 167 0.2758E+01 0.1000E+01 0.1314E+00 0.9782E+00 0.2905E-03
 168 0.2775E+01 0.1000E+01 0.1299E+00 0.9788E+00 0.2857E-03
 169 0.2792E+01 0.1000E+01 0.1283E+00 0.9794E+00 0.2810E-03
 170 0.2808E+01 0.1000E+01 0.1268E+00 0.9800E+00 0.2762E-03
 171 0.2825E+01 0.1000E+01 0.1253E+00 0.9805E+00 0.2714E-03
 172 0.2842E+01 0.1000E+01 0.1238E+00 0.9811E+00 0.2666E-03
 173 0.2858E+01 0.1000E+01 0.1224E+00 0.9816E+00 0.2618E-03
 174 0.2875E+01 0.1000E+01 0.1210E+00 0.9822E+00 0.2570E-03
 175 0.2892E+01 0.1000E+01 0.1196E+00 0.9827E+00 0.2521E-03
 176 0.2908E+01 0.1000E+01 0.1182E+00 0.9833E+00 0.2473E-03
 177 0.2925E+01 0.1000E+01 0.1169E+00 0.9838E+00 0.2425E-03
 178 0.2942E+01 0.1000E+01 0.1156E+00 0.9843E+00 0.2376E-03
 179 0.2958E+01 0.1000E+01 0.1143E+00 0.9848E+00 0.2328E-03
 180 0.2975E+01 0.1000E+01 0.1130E+00 0.9853E+00 0.2280E-03
 181 0.2992E+01 0.1000E+01 0.1117E+00 0.9858E+00 0.2231E-03
 182 0.3008E+01 0.1000E+01 0.1105E+00 0.9863E+00 0.2183E-03
 183 0.3025E+01 0.1000E+01 0.1093E+00 0.9868E+00 0.2136E-03
 184 0.3042E+01 0.1000E+01 0.1081E+00 0.9873E+00 0.2088E-03
 185 0.3058E+01 0.1000E+01 0.1069E+00 0.9878E+00 0.2040E-03
 186 0.3075E+01 0.1000E+01 0.1058E+00 0.9882E+00 0.1993E-03
 187 0.3092E+01 0.1000E+01 0.1046E+00 0.9887E+00 0.1946E-03
 188 0.3108E+01 0.1000E+01 0.1035E+00 0.9891E+00 0.1899E-03
 189 0.3125E+01 0.1000E+01 0.1024E+00 0.9895E+00 0.1852E-03
 190 0.3142E+01 0.1000E+01 0.1013E+00 0.9900E+00 0.1806E-03
 191 0.3158E+01 0.1000E+01 0.1002E+00 0.9904E+00 0.1760E-03
 192 0.3175E+01 0.1000E+01 0.9920E-01 0.9908E+00 0.1715E-03
 193 0.3192E+01 0.1000E+01 0.9817E-01 0.9912E+00 0.1669E-03
 194 0.3208E+01 0.1000E+01 0.9715E-01 0.9916E+00 0.1624E-03
 195 0.3225E+01 0.1000E+01 0.9615E-01 0.9920E+00 0.1580E-03
 196 0.3242E+01 0.1000E+01 0.9516E-01 0.9923E+00 0.1535E-03
 197 0.3258E+01 0.1000E+01 0.9419E-01 0.9927E+00 0.1492E-03
 198 0.3275E+01 0.1000E+01 0.9323E-01 0.9931E+00 0.1448E-03
 199 0.3292E+01 0.1000E+01 0.9229E-01 0.9934E+00 0.1405E-03
 200 0.3308E+01 0.1000E+01 0.9137E-01 0.9937E+00 0.1363E-03
 201 0.3325E+01 0.1000E+01 0.9045E-01 0.9940E+00 0.1321E-03
 202 0.3342E+01 0.1000E+01 0.8955E-01 0.9944E+00 0.1279E-03
 203 0.3358E+01 0.1000E+01 0.8867E-01 0.9947E+00 0.1238E-03
 204 0.3375E+01 0.1000E+01 0.8779E-01 0.9950E+00 0.1197E-03
 205 0.3392E+01 0.1000E+01 0.8693E-01 0.9952E+00 0.1157E-03
 206 0.3408E+01 0.1000E+01 0.8608E-01 0.9955E+00 0.1117E-03
 207 0.3425E+01 0.1000E+01 0.8525E-01 0.9958E+00 0.1078E-03
 208 0.3442E+01 0.1000E+01 0.8442E-01 0.9960E+00 0.1039E-03
 209 0.3458E+01 0.1000E+01 0.8361E-01 0.9963E+00 0.1001E-03
 210 0.3475E+01 0.1000E+01 0.8281E-01 0.9965E+00 0.9636E-04
 211 0.3492E+01 0.1000E+01 0.8202E-01 0.9968E+00 0.9266E-04
 212 0.3508E+01 0.1000E+01 0.8125E-01 0.9970E+00 0.8901E-04
 213 0.3525E+01 0.1000E+01 0.8048E-01 0.9972E+00 0.8542E-04
 214 0.3542E+01 0.1000E+01 0.7972E-01 0.9974E+00 0.8188E-04
 215 0.3558E+01 0.1000E+01 0.7898E-01 0.9976E+00 0.7840E-04
 216 0.3575E+01 0.1000E+01 0.7824E-01 0.9978E+00 0.7498E-04
 217 0.3592E+01 0.1000E+01 0.7752E-01 0.9979E+00 0.7163E-04
 218 0.3608E+01 0.1000E+01 0.7680E-01 0.9981E+00 0.6833E-04
 219 0.3625E+01 0.1000E+01 0.7610E-01 0.9983E+00 0.6509E-04
 220 0.3642E+01 0.1000E+01 0.7540E-01 0.9984E+00 0.6191E-04
 221 0.3658E+01 0.1000E+01 0.7472E-01 0.9985E+00 0.5880E-04
 222 0.3675E+01 0.1000E+01 0.7404E-01 0.9987E+00 0.5575E-04
 223 0.3692E+01 0.1000E+01 0.7338E-01 0.9988E+00 0.5276E-04
 224 0.3708E+01 0.1000E+01 0.7272E-01 0.9989E+00 0.4984E-04
 225 0.3725E+01 0.1000E+01 0.7207E-01 0.9990E+00 0.4698E-04
 226 0.3742E+01 0.1000E+01 0.7143E-01 0.9991E+00 0.4419E-04
 227 0.3758E+01 0.1000E+01 0.7080E-01 0.9992E+00 0.4147E-04
 228 0.3775E+01 0.1000E+01 0.7017E-01 0.9993E+00 0.3881E-04
 229 0.3792E+01 0.1000E+01 0.6956E-01 0.9994E+00 0.3623E-04
 230 0.3808E+01 0.1000E+01 0.6895E-01 0.9995E+00 0.3371E-04
 231 0.3825E+01 0.1000E+01 0.6835E-01 0.9995E+00 0.3126E-04
 232 0.3842E+01 0.1000E+01 0.6776E-01 0.9996E+00 0.2888E-04
 233 0.3858E+01 0.1000E+01 0.6717E-01 0.9997E+00 0.2658E-04
 234 0.3875E+01 0.1000E+01 0.6660E-01 0.9997E+00 0.2435E-04
 235 0.3892E+01 0.1000E+01 0.6603E-01 0.9998E+00 0.2219E-04
 236 0.3908E+01 0.1000E+01 0.6547E-01 0.9998E+00 0.2011E-04
 237 0.3925E+01 0.1000E+01 0.6491E-01 0.9998E+00 0.1811E-04
 238 0.3942E+01 0.1000E+01 0.6436E-01 0.9999E+00 0.1619E-04
 239 0.3958E+01 0.1000E+01 0.6382E-01 0.9999E+00 0.1435E-04
 240 0.3975E+01 0.1000E+01 0.6329E-01 0.9999E+00 0.1259E-04
 241 0.3992E+01 0.1000E+01 0.6276E-01 0.9999E+00 0.1092E-04
 242 0.4008E+01 0.1000E+01 0.6224E-01 0.1000E+01 0.9331E-05
 243 0.4025E+01 0.1000E+01 0.6173E-01 0.1000E+01 0.7838E-05
 244 0.4042E+01 0.1000E+01 0.6122E-01 0.1000E+01 0.6440E-05
 245 0.4058E+01 0.1000E+01 0.6072E-01 0.1000E+01 0.5143E-05
 246 0.4075E+01 0.1000E+01 0.6022E-01 0.1000E+01 0.3952E-05
 247 0.4092E+01 0.1000E+01 0.5973E-01 0.1000E+01 0.2875E-05
 248 0.4108E+01 0.1000E+01 0.5925E-01 0.1000E+01 0.1924E-05
 249 0.4125E+01 0.1000E+01 0.5877E-01 0.1000E+01 0.1112E-05
 250 0.4142E+01 0.1000E+01 0.5830E-01 0.1000E+01 0.4679E-06
 251 0.4158E+01 0.1000E+01 0.5783E-01 0.1000E+01 0.4905E-07
 252 0.4175E+01 0.1000E+01 0.5737E-01 0.1000E+01 0.9806E-14
 253 0.4192E+01 0.1000E+01 0.5691E-01 0.1000E+01 0.8954E-14
 254 0.4208E+01 0.1000E+01 0.5647E-01 0.1000E+01 0.8382E-14
 255 0.4225E+01 0.1000E+01 0.5602E-01 0.1000E+01 0.7937E-14
 256 0.4242E+01 0.1000E+01 0.5558E-01 0.1000E+01 0.7434E-14
 257 0.4258E+01 0.1000E+01 0.5515E-01 0.0000E+00 0.3830E-05
%%%%%%%%%%%%%%%%%%%%%%%%%%%%%%%%%%%%%%%%%%%%
